10

96 100
100000000000000000000000000000000000000000000000000000000000000000000000000000000000000000000000 0
010000000000000000000000000000000000000000000000000000000000000000000000000000000000000000000000 1
001000000000000000000000000000000000000000000000000000000000000000000000000000000000000000000000 1
000100000000000000000000000000000000000000000000000000000000000000000000000000000000000000000000 0
000010000000000000000000000000000000000000000000000000000000000000000000000000000000000000000000 0
000001000000000000000000000000000000000000000000000000000000000000000000000000000000000000000000 0
000000100000000000000000000000000000000000000000000000000000000000000000000000000000000000000000 0
000000010000000000000000000000000000000000000000000000000000000000000000000000000000000000000000 0
000000001000000000000000000000000000000000000000000000000000000000000000000000000000000000000000 0
000000000100000000000000000000000000000000000000000000000000000000000000000000000000000000000000 0
000000000010000000000000000000000000000000000000000000000000000000000000000000000000000000000000 0
000000000001000000000000000000000000000000000000000000000000000000000000000000000000000000000000 1
000000000000100000000000000000000000000000000000000000000000000000000000000000000000000000000000 0
000000000000010000000000000000000000000000000000000000000000000000000000000000000000000000000000 0
000000000000001000000000000000000000000000000000000000000000000000000000000000000000000000000000 1
000000000000000100000000000000000000000000000000000000000000000000000000000000000000000000000000 1
000000000000000010000000000000000000000000000000000000000000000000000000000000000000000000000000 0
000000000000000001000000000000000000000000000000000000000000000000000000000000000000000000000000 0
000000000000000000100000000000000000000000000000000000000000000000000000000000000000000000000000 0
000000000000000000010000000000000000000000000000000000000000000000000000000000000000000000000000 1
000000000000000000001000000000000000000000000000000000000000000000000000000000000000000000000000 0
000000000000000000000100000000000000000000000000000000000000000000000000000000000000000000000000 0
000000000000000000000010000000000000000000000000000000000000000000000000000000000000000000000000 0
000000000000000000000001000000000000000000000000000000000000000000000000000000000000000000000000 1
000000000000000000000000100000000000000000000000000000000000000000000000000000000000000000000000 0
000000000000000000000000010000000000000000000000000000000000000000000000000000000000000000000000 1
000000000000000000000000001000000000000000000000000000000000000000000000000000000000000000000000 0
000000000000000000000000000100000000000000000000000000000000000000000000000000000000000000000000 1
000000000000000000000000000010000000000000000000000000000000000000000000000000000000000000000000 0
000000000000000000000000000001000000000000000000000000000000000000000000000000000000000000000000 0
000000000000000000000000000000100000000000000000000000000000000000000000000000000000000000000000 0
000000000000000000000000000000010000000000000000000000000000000000000000000000000000000000000000 0
000000000000000000000000000000001000000000000000000000000000000000000000000000000000000000000000 1
000000000000000000000000000000000100000000000000000000000000000000000000000000000000000000000000 0
000000000000000000000000000000000010000000000000000000000000000000000000000000000000000000000000 0
000000000000000000000000000000000001000000000000000000000000000000000000000000000000000000000000 1
000000000000000000000000000000000000100000000000000000000000000000000000000000000000000000000000 0
000000000000000000000000000000000000010000000000000000000000000000000000000000000000000000000000 0
000000000000000000000000000000000000001000000000000000000000000000000000000000000000000000000000 1
000000000000000000000000000000000000000100000000000000000000000000000000000000000000000000000000 0
000000000000000000000000000000000000000010000000000000000000000000000000000000000000000000000000 0
000000000000000000000000000000000000000001000000000000000000000000000000000000000000000000000000 1
000000000000000000000000000000000000000000100000000000000000000000000000000000000000000000000000 0
000000000000000000000000000000000000000000010000000000000000000000000000000000000000000000000000 0
000000000000000000000000000000000000000000001000000000000000000000000000000000000000000000000000 1
000000000000000000000000000000000000000000000100000000000000000000000000000000000000000000000000 1
000000000000000000000000000000000000000000000010000000000000000000000000000000000000000000000000 1
000000000000000000000000000000000000000000000001000000000000000000000000000000000000000000000000 0
000000000000000000000000000000000000000000000000100000000000000000000000000000000000000000000000 1
000000000000000000000000000000000000000000000000010000000000000000000000000000000000000000000000 1
000000000000000000000000000000000000000000000000001000000000000000000000000000000000000000000000 1
000000000000000000000000000000000000000000000000000100000000000000000000000000000000000000000000 1
000000000000000000000000000000000000000000000000000010000000000000000000000000000000000000000000 1
000000000000000000000000000000000000000000000000000001000000000000000000000000000000000000000000 1
000000000000000000000000000000000000000000000000000000100000000000000000000000000000000000000000 0
000000000000000000000000000000000000000000000000000000010000000000000000000000000000000000000000 1
000000000000000000000000000000000000000000000000000000001000000000000000000000000000000000000000 0
000000000000000000000000000000000000000000000000000000000100000000000000000000000000000000000000 0
000000000000000000000000000000000000000000000000000000000010000000000000000000000000000000000000 1
000000000000000000000000000000000000000000000000000000000001000000000000000000000000000000000000 0
000000000000000000000000000000000000000000000000000000000000100000000000000000000000000000000000 0
000000000000000000000000000000000000000000000000000000000000010000000000000000000000000000000000 1
000000000000000000000000000000000000000000000000000000000000001000000000000000000000000000000000 1
000000000000000000000000000000000000000000000000000000000000000100000000000000000000000000000000 1
000000000000000000000000000000000000000000000000000000000000000010000000000000000000000000000000 1
000000000000000000000000000000000000000000000000000000000000000001000000000000000000000000000000 1
000000000000000000000000000000000000000000000000000000000000000000100000000000000000000000000000 0
000000000000000000000000000000000000000000000000000000000000000000010000000000000000000000000000 0
000000000000000000000000000000000000000000000000000000000000000000001000000000000000000000000000 0
000000000000000000000000000000000000000000000000000000000000000000000100000000000000000000000000 1
000000000000000000000000000000000000000000000000000000000000000000000010000000000000000000000000 0
000000000000000000000000000000000000000000000000000000000000000000000001000000000000000000000000 0
000000000000000000000000000000000000000000000000000000000000000000000000100000000000000000000000 1
000000000000000000000000000000000000000000000000000000000000000000000000010000000000000000000000 0
000000000000000000000000000000000000000000000000000000000000000000000000001000000000000000000000 1
000000000000000000000000000000000000000000000000000000000000000000000000000100000000000000000000 0
000000000000000000000000000000000000000000000000000000000000000000000000000010000000000000000000 0
000000000000000000000000000000000000000000000000000000000000000000000000000001000000000000000000 0
000000000000000000000000000000000000000000000000000000000000000000000000000000100000000000000000 0
000000000000000000000000000000000000000000000000000000000000000000000000000000010000000000000000 1
000000000000000000000000000000000000000000000000000000000000000000000000000000001000000000000000 0
000000000000000000000000000000000000000000000000000000000000000000000000000000000100000000000000 1
000000000000000000000000000000000000000000000000000000000000000000000000000000000010000000000000 1
000000000000000000000000000000000000000000000000000000000000000000000000000000000001000000000000 1
000000000000000000000000000000000000000000000000000000000000000000000000000000000000100000000000 1
000000000000000000000000000000000000000000000000000000000000000000000000000000000000010000000000 1
000000000000000000000000000000000000000000000000000000000000000000000000000000000000001000000000 1
000000000000000000000000000000000000000000000000000000000000000000000000000000000000000100000000 1
000000000000000000000000000000000000000000000000000000000000000000000000000000000000000010000000 0
000000000000000000000000000000000000000000000000000000000000000000000000000000000000000001000000 0
000000000000000000000000000000000000000000000000000000000000000000000000000000000000000000100000 0
000000000000000000000000000000000000000000000000000000000000000000000000000000000000000000010000 0
000000000000000000000000000000000000000000000000000000000000000000000000000000000000000000001000 1
000000000000000000000000000000000000000000000000000000000000000000000000000000000000000000000100 1
000000000000000000000000000000000000000000000000000000000000000000000000000000000000000000000010 0
000000000000000000000000000000000000000000000000000000000000000000000000000000000000000000000001 1
000000000000000000000000000000000000000000000000000000000000000000000000000000000000000000001100 0
000000000000000000000000000000000000000000000000000000000000000000000000000000000000000000001101 1
000000000000000000000000000000000000000000000000000000000000000000000000000000000000000000001110 1
000000000000000000000000000000000000000000000000000000000000000000000000000000000000000000001111 0

15 100
010010110010001 0
000001011000010 0
011010000001010 0
110110001101010 0
010111110110111 1
110100110000101 1
100111110101111 1
100110101100010 0
111000111000101 0
010001100010010 0
111011001001001 0
100111101100110 1
101000000101001 0
001010100011110 0
100010010001101 0
001011001111000 0
010011010010111 1
111010101110010 0
011010011010111 0
001100000111110 0
111010011101110 0
110000000111000 0
111011110000101 0
110111011001011 0
001000110100010 0
111000100010111 0
111010001001101 0
110110101110001 0
110110100000010 0
110101110011011 0
101010000011110 0
101111101110011 0
111011111110001 0
101010001110111 0
010111000000000 0
010100000110101 1
000110000100101 1
100000000011001 0
001011001111101 0
010110110001101 1
101011111000100 0
101111110110001 0
111000110000010 0
001010101110011 0
100010100110111 0
000101110101101 1
011100111100111 0
111101000011001 0
111001110010001 0
111101011110011 0
100010101100101 0
110001110101101 0
011000010010000 0
110010111101011 0
101101110011010 0
111111100110011 0
011100011010001 0
010101011000010 0
011101100000000 0
001001000111010 0
011111001011010 0
010100001110011 0
011100000111011 0
000110100010011 0
011101100111110 0
000010100111110 1
111001111110001 0
101100111110001 0
011111011100110 0
100010110001011 0
111010011110101 0
111100111110011 0
000111111100110 1
000110101100101 1
001010011101110 0
110101110000010 0
111100101111000 0
111111101111111 0
110000110001011 0
001010100011001 0
100100011000001 0
101000001100001 0
111111111111111 0
011110100010111 0
010101000110001 0
100110100111100 1
001110010111111 0
011100110101011 0
001010010001110 0
001111100110110 0
010011010011100 1
000111101100011 0
011010100101000 0
100110100000101 1
001100010001111 0
101010001011101 0
001101000000111 0
011111011110000 0
111001101111100 0
111000101111111 0

30 100
001011001101111000110010110010 1
010111001110111011010011001100 1
101011111110101001100011111001 1
000001111000010010110111001111 0
011011001101111110101110111000 1
101111011100111000010001010110 0
110101000100111011010011100110 0
111001101011010011101000100110 0
111011101100011111001101011011 1
000111001110001110010111110011 1
100111001011011110111110001101 1
001010100100001110100011101011 1
111001111101101110100111001100 1
100000111010100010010001011100 0
010000010101111001000010011100 1
101101001001110010111100001111 0
110100001101010100111011011101 0
100110111011111001000101110001 1
111100001100000100000111000110 0
000100100011111111111000111100 1
100110000001111000101000111001 1
011010110110110010010110101001 0
101010001010101101100001010000 1
111000000111000110001001010010 0
000110110111111100111011110011 1
000011010101010001000101101100 0
100110011001011011111110100010 1
000111111001100001001110100101 0
110001111011001011011101101110 1
011011000111011110011000110001 1
010111010001100111101101111111 0
000110001000100110100010101010 0
000010010000010011000001010101 0
001000010010111110100100010000 1
000110011000011101011001110111 1
111110110110111101001111000110 1
001110001010011100000111111100 1
100101100101100110110111101011 0
110100110100000111100011101011 0
000010001010000011101100101000 0
100101100101101100011111101000 0
000011011000110101100011001110 0
110001100000011101001000001100 1
111111101111011101101010110000 1
000111100001000111001010001000 0
100111000010110001100001101011 0
001010011000011011101110000101 1
011110010110111011111000010101 1
010001001010000001110001100110 0
001000000110110111100110001010 0
100000001110111101011110110000 1
110110001110101010101110100010 1
001010010101011101111100100101 1
101001100101100010110000010110 0
000010101111001110101111011000 1
110111001111001110101100001100 1
111010110101001110001111101011 1
011110101111111010110000110011 1
100011010101011100111011000001 1
111001100100100000011110010010 0
111111000000010010010101101100 0
111100001001010111100110110000 0
001010010101000011111101110110 0
100101101101001011000100010011 1
101111100000100011110100011010 0
101100011011001100001010011010 1
011101000111011101011111100000 1
101001101110010100001001111101 0
111011101110111100000100010110 1
001010100111110100100101000001 0
000101101111000010001001101001 0
100110000011110111110010110110 0
000001101100111100001000001010 1
011001111000011100110010100001 1
111011110010000010011011001111 0
000100011010100100101100001110 0
000110101000010100100010011100 0
100110100000110100010011110010 0
001100111101110100001010000001 0
101011001111110100001110010010 0
100000010100011011010101100101 1
110000001010011110111110000001 1
110110010101100101111100100100 0
010111111001101011100010000100 1
100111110010100001000001110100 0
010010101100110011111101110100 0
100101111001000101011111000110 0
101111011111001011011100000011 1
011100111001111110011101101101 0
010100011110011100100000111111 1
010011010000011101101101001110 1
011110011010011101001010110001 1
010001000000011100010011001011 1
110110000001000010011010111010 0
001011111101001000101001100000 1
000110001111000100111101011010 0
010101111001011001001111110011 1
000110001000101001111000111101 1
001010100000011111100011100000 1
101010000000111000111000110110 1

45 100
101001011100111000101011011011101001111001010 0
011001110111010101101000100110111010111100001 1
110000110001010011010011101111001001110111000 1
001101000110101011111101100000111001100101010 0
111110001111001010111111101000000111011110010 1
111011100010011001010111000101101100010011010 0
100000001000010010100101101000000101111011011 0
110100010100000110101010111100010000000000001 0
010110011010100101100000000001100111111010100 1
100110110110000110110101011001011001010010010 0
001010001000100001000101100101101111111010000 0
011011000110011101110010111100001100000001100 1
011100001001111111000010010000000100001101010 1
110110101101001010000100000101100110000110011 1
000000011011001101010010010011111110011111011 1
111111110011011110100101011110111000111010110 1
011101110011111000100001101010001111000000001 1
101111111011111011100100110110000110101000001 1
100010001000011101110100110110100100000100100 1
010111100111110000010010100110110101111101000 1
000001011001011010001110101001001001100000000 1
111111011101000100001111000000011101110000100 1
110010101001011110011100100110111110100101010 1
001000100110110101000010100011011110010001100 1
111001000011010011110111110100111011110011101 1
100011010000010010111111110000110010111011011 0
010011000111111010011001100100011010110001101 1
100101111000010011011010111001111111000001000 0
010011110101010101000000000101010011100011100 1
110100101001000101100010111011001011111011111 1
111001011000001100001110011011100110011101001 0
111100111101100010001011001101100010000000110 1
111110111011110000001110110101110001010110101 1
101111000011001110111000110100011100010111001 1
010011111001011011101110100000101110100000100 1
111000101011001010111001000000011010000101001 1
101100000000000011010011001100110010010010011 0
100001100000110101000000101111001001111111110 1
101101110100111001100001111010000111110100111 1
111000000011110101110001010011001101110111101 1
111000111010001001110011000010111011000110010 0
110101110011010001101011100100101110001100000 1
000011110000111101010000110010010011100111000 0
111010000011010010001110111011100001001101000 1
100100011000111001001001111001111101100011100 1
010010110110010001111101110001000001001110111 1
110011100011101001010110001010000001111100010 1
111110101110011010010110000111100011001010010 0
101101000000011110111000101001011111011010111 1
000010010000100001100101010001001010011010000 0
011001011000000001110011100100011110011111000 0
000111111011001100011011010110110010101010111 1
101111110011010100101101100100010001111110101 1
110100000011001010110000111001100111001000100 1
011000100100000010010110010010111001110100100 1
001010001011010101011000010011011110001100011 1
000001101000001100100100010001001000100001001 0
000010000011111010010000000111111110100101011 1
000000000101100011100110001100000100110101011 1
000110011011101010000111101011111110111010111 1
110110101101000100011110011110001011001111000 1
110101010010101001100000010100111101100100110 1
011111110011011000100110100100001100010011010 1
111011000110110111101100110111101000110101010 0
011101010111100010101110110111110110010001111 1
100010110101110011100100110000100001010001110 1
111101100111001011011100000101111101001011111 1
110010010010100010100110010111001100101110100 1
000000011111110010100011100000000000101011100 1
111100001100100100110000100000011010010100110 1
101110110010010000001000010111101000010011110 1
100100000000011111011101100010010100110010000 0
111000010101100101110111110010000100101011111 1
101101110011010110100111010101000110001000101 1
110100010111100100101101011101001111111100101 1
111101010111001111001010111101010000101110011 1
000110011100010101101111010011110111110100101 1
011101111010101011010101110110110000010101111 1
011100110110101110100000010101100000010001011 0
111101001000000110110010010100011111010110110 1
101010011011101110001110101000010010001001111 1
000001000010010000101101000111110100000000101 1
111101110010010001011001100110011001110100001 0
001100110001010111010011001000100001110110001 1
110010011001100100000111111111000011011111111 1
101100011100010110101101000111000010010110010 1
011001010110101111110110101000001110111101111 1
000111110101001100001010000111010101010111011 1
100110011011000011001100011111011000010111000 1
001101011111000111110101110100100000100011100 1
011100100010100110010001010000000100110000010 0
000001110011011110100101001000001001010010101 1
011001011011111001100001101111000100111011000 1
100111101010101001000011010110111000110011011 0
010100101000010111011000101010010000000101110 1
101000100111100101101101010101101101101011101 1
101011111110100010101001100011101000111000010 0
110100000100001101001001001011100111101011010 0
000100110011110000111011111110111111100001111 1
101111010001110100011011011000110001100101010 1

60 100
110001010011101101110001011000110000100001111001010000100000 1
011011101100001100101101001001101000000111001111001111011010 1
100111111100101011010100011011100011110000111010100010010111 1
111100010010101000100110110101010101100110100100100110111001 1
010111001111010100001111100101000010110101010000110000110101 1
111111101010000101011001110001010101010111101011111011000000 0
011001011010111100011100101101001101010111100000101011101011 1
100101110101010110010011111110100111110101000011110101011110 1
000101010111011010100000101011011101010001101010000111101000 1
110010000110011101111000101101010110100111111001100100100111 1
001101001111100111110010111010110000100011100101110111101010 1
011011110101111010100010011001100001110110101000100101101011 1
001000100111010011111101000111011010010101000001101111011001 1
101101111010010111010101101100110000101000011001100001111011 1
011011111101111110010011010000101000110000011100101111110110 1
000001011011000100001010100000000010111010100110101100111011 1
111001111011110100001100111110101000001100011000110001010101 0
001001000101000000111000010000100000111001101110001101111111 1
011110001010110100111011100011000111110001110101110011100111 0
110000000001111000110010110101111001001001101001100101111101 1
010011011010111100001000111101000001100001111001111011000010 0
101100100101010101010001000000111011000010000010011011011001 1
111001001111111101110001001000011011101011100111010111011111 1
101101000011010101111000111000001011101100101111011111001111 1
111110011011100011000100101110110001010111001001101011010101 0
101110100010011010110101111011001110000001000001000011010110 1
100100101110011000001110100000111101111010110010010101110000 1
111000110000110100100100000000111011101101111001001110110100 0
110100001110101111110000110010101001000101111100011001111100 1
111111111010001100101101010010011100000101100110100000100101 0
001010010011101010100001101110111010001000010100110010110001 1
111101000001001001111111000001110001001010110110011000110110 1
011100100110110000011000010101010000011000011010001001000001 1
000000111110011001101110111110100100111110111010000111101000 1
100010101010101001000101000101111010011010011111111101000110 1
101110101101110101011110110011001010001101010100001110011010 1
000011000101111001100000011100000100000010111011100110111001 1
101001011001110110010100001000110011110010100111110101101011 1
011000100111001110110011000010111111101011111000011001001000 1
011101000011100101100001000000101011101000100011111111111111 1
001111010001001010101010101101101010100000100001110001110000 1
100001101101011110010010100010100000100011100011010111110111 1
011000100111011001111011101010111001011111010001110011101000 1
100101011100100101010101001101111101101011011001010000100010 1
111001100101111010001001110000010100010010001101101000001001 1
010110001011001100111111110110011010110010100010001001110010 0
111101011011011000111110001011000101000011110111100011101001 1
111010101110001110000111010001111010100011001111101110010110 1
011000110100001100101010100010011011010001001001011010000001 1
101100111110001001010001011011001111000100100000101011110000 1
001000001101001001010001110110100000001111010110011011001000 0
100101100111101100111011010010001011110101110000001000100101 1
000010000101001101101101001101101110111101111000010111011010 1
000110101011100000011100101111010001110001111011010101101110 0
010010110011100101011100101011010100111110010000100000110011 0
110010101001010010100000110100111000010000101111001001110110 0
010010111111011000011010110100001111100011010111110001010000 1
111000100011000101011010011011000100000001000010111011010111 0
101000000100100110001010000010100010011101110101100001110111 1
001010101010100010110101011001101100110011000101110110011011 1
110000110110110001111000101111000000010001000000100100110000 1
000010000111110010110001111001100111011000001001010100010110 1
101010011110111110111011001001110011000110101111100011011111 1
001000001011110001001010010001110010000101010100000000011011 1
000000000001011111011001010100100100100100010101001101110100 1
100000101011001101110011101101011011101000100111000011100010 0
000011100101111000010000100100000000100110001000001101111101 1
010000100110100100011110011111000000000010100100101011010101 1
011101100010110010110101111010100010100101110110001010101011 1
010000100111000000001001101110111011011100001001001001110001 1
011000010110001000110111011111110110100111011100011000101111 1
100000100110111011000001000101110110100011000111111101000110 1
010100000000000010111011111001000110110000001000011000111011 1
111001001000001011101101011000100000100000001110100011110011 0
011011100100011101000011001010111011001011010010110101001000 1
010001000001110100001000000000100110011001110101001101111111 1
000110101100111010001100111010010011100000110011001110101010 1
101010110111001000000110001010100001010110010100100100100111 1
011000010100101001000100110001100000000000110000101111100100 1
101101111010100101000001100110101001010111100010101101011000 1
010011000001101100001100011000101100110110001001001101100000 1
001111000110011010001100001001100001001000001001001011011111 1
001100101101100101000011000000100010000111011000000000010010 1
010000011100111101100010000011110110011100111001000001001000 1
111100111011101100100101100010101111100001011110100001111010 1
110001110111111001001000100110001000111110101011110010100100 1
001011100110000011101110010110111010110100100101111000011101 1
100100011111111010101001010101110110011110001100100000100100 1
111001000110111011111111001001111011101110111011110000110110 1
011001100001110101010000110000101001110010101111111111100110 0
000001011001100010101010110000100110111011001000000101100101 0
011101010101100110010111110001000111100111101110011011000000 1
001000101010111100101110111111000000010111110100110001100010 1
001001011000110011101011111101001001110111100010100001110101 0
110101010101101111000001000101110100111101010101101110010000 1
100100010101111001100010100101101111111101110010111010001101 1
111000111110001001010001010111101001111000101011110010111110 1
001101000000111100110101010101111100000000001011000110010000 1
011111111101101110001111111110111001110000100010110001110110 1
010001110100001111011010111001100000110100000111010110111011 1

75 100
010011101111011110011101111100010011111000001101100001110001100101000101101 1
110000101010101001110111010101011001111010000101010101000000100010101000111 1
010110011000000100010111000111010101101101101101001010010001111101110000111 1
111110101101101010011111110011000111001101010101101110001000100111010000111 1
011010100101000100100110100111011110101101100110100100110101110000000110100 1
101100000000101011001100010101011001010010000110010000011001111011010011010 1
010000010000101010100110100110111001000110101000111100111100100000000011101 1
100011100011001101001000001101111010100110010000100100110001100000110111110 1
111111000110111110110010000110111001001010001011010011011011100000100001011 0
111101111110001101101111110000011101010111011101110001000001000111010111010 1
001101000001000100011110001010010010111011110100110101101000011110101000010 1
000010111010000110000100010000011010100001101110110011010010111010000010001 1
100100111101110001010100111110100110101111010010000010001100110000010000111 0
100100110001101110110100110101110110000000000111100110011001011000000011011 1
001001110101001010000000111100010110100100001100100101010111010001111101111 1
011011100111100110101010100111111010010000110100100001101110000111010011010 1
011011010110000110000010101110001100001101101110000001010011011111110000110 1
101100101101111100010110010110000010001111110000010001000001101100000100011 1
110100011010111001101110010001010101100111101001111110111101000011111100110 0
101100011100000010001011111000000110011100100101000101001001011000101011011 1
010000000001010000100010001111000000101111010000011110110000100010001110111 0
110001111011011001010011001110000000110011000100101100000111100100000001101 1
010111000000100000000000010111011000000001011001001100101110110000001101001 1
110111011010101011011110010001110101010011001110010001001001110100011010111 1
101111100001010000111000011000010111001100011111100000111010011010111101110 0
011100000110100101110001110001000010011000011001010000111101001101100011110 1
011001001101000100011111000101100000101011111001000100000110000000010111011 1
111101001000110111111000111000110000000110101000111011010011000011011000001 0
011100101010001001110100010011010101011110110000010000001110011101001100110 1
001011010101010001101110010100000001111101100100000111100011001100011111001 1
110111110011000101001000011010100111000111010000101111110111101100101110111 1
101100011101000001100011001100010101000101101101100101001111111011110100010 1
111011110101011110101011011010001100011001101010010011110101101011010110100 0
100110101101001100110100011111101100111001001111100110001110011001000101001 1
110110010011100011000000001011000011100101100101001001000011111111001101011 1
010011001001010101000101001010110111011100001000000010011100110101101001001 1
110100110111010000101000101111100110100001100100100100111110000001111111010 0
000000110001111101000110011001000000011000011111111101100100000001100000000 0
011101000000100100001100100010011101001001011011111001010111110110010001100 1
110000001101010110000111110000110010011101100101001011100110001000000100011 0
010010111011000011010000000011110000011110011010011001001000000000001110010 1
011010010011010010110111101101001100101100101111100110000110110000000110101 0
101000110100111011010010111010010010011001011110111111100001010010011011111 0
100000111001100111001010001000011111100000111110011110101101100011101001011 1
100111101000101111100111111110100111001110000111110101110001011001101000001 1
100010011100111101110011010111011011110001010000111111000010111110000010110 1
100001110011001010110110101101011001011010101000011101111001111111010100010 1
001011110101111100011011011001101010101110111001000101000001111100111110101 1
011011101101110100000101010111111010000111010100101111100111010111011000111 1
010111010110001111010001111001000010111110110000111111000110010111101010001 1
000111001011100010100001011010010101000101111110100100001100011001001001110 1
000100110111101110111110111001001000011000110001000110111010000100111010111 1
101001111101101101100011111001111011010101011111101101010010111011110110011 1
100000111101101010001101111101111110101001111000101001010100010011000110001 1
110001000010011011000000110000011011011000100001111111011011010011110100110 0
110001111100011001000010111001010010010100100010110110101010011011110100111 0
100010110110100111010100011100100101100010000000101011010101111101101100101 1
010111100011110111010110110011010011101000100111010010001101010111010010000 1
111110100001100111010100111111001110100100110110011101110011011100100111100 1
011010111111100111011110011111111000111000000011001110101011000110100000100 1
101100010010011011100000110011101011000100101010101111100000110000100110100 0
011000111110110000000110000011010110111100111110110001000101010000101011100 0
110001000100011000000101010110101011111101000100111101001010011110001110110 1
110001000011100111101100100011100110010111000001110000110110010001010100000 1
100010100011111001001111011000110110100101000100101010110100111100111101111 1
010101111111011100001010111001010000100011010100000101100001100000010001100 0
101111010111000100110001000001101110000111011010001001110010100010100111011 1
100101110100111011011111001110100110001011100000111100010101111100000100110 1
111100000010011100100101011101100010111110010110001011110011001000111010010 0
011010101010101100110001011101110011001011001110101111011101100100110011111 1
001110001010100000000111100110010101101001101101101011111101100011101100010 1
000011000110011011000100010000110111110101101000001001000011000101010000000 1
011010110100011011110000010011110101111101000111101101010011111101110010111 1
000101111101111100001101111000100001110000011100110000101001100100011001000 1
110000001100110010010001100100111111010100101100101110000011110000001010010 0
000010100000011100010011011001000101101101100101100101000000111101011101010 1
000100001100100011011000000000100100100110100110111010010000011011001011001 1
001110110101001000111111010011110001110111011011000000101100000000010011110 1
110001001100000000111101110110001001101011010100111000111100101111000011111 1
010001001011101100010000011000111111111011111101101101110110101100010011110 1
001100111001110111010000001110110101110100011000000010010111100011110100100 1
100110101111001011000111011101110101011100001100100110011001110110011101000 1
001111001101100001011001000000101010100110001001100110010010101000010001101 1
101001111101011110111111111000010111010101000010001110110010001110001010100 1
000001000110100101001001111011011000000011001010100000111001000110110111011 0
110010010011010011001110101111100101110111110100000010000100010011100001110 0
000100100101001101110110111000010001111101000110111100010110101001110010111 1
101010111101101001000101111100011010010100010000101101010000010111010011010 1
101010011001010100011000011111000111010110101111110001000111110111010001011 1
001100001001001111000010001011001011011100000111010011011011101000000110110 1
111101010000011110010010100100011101000110110011011010101111000110101110001 1
001010001110101101001100110110110010110011000110010110001010001100110111111 1
001010000000010110000110011100010010010011000110110101000101000001001110010 0
010100100110011011101100010011110111001010011001111001011110001000100101101 0
010001000111011011011010111000101101010101000000101001010000011011110100110 0
101011010110111100111110010101111010100111000110110001000101010110010001101 1
101011110101000010000010001100001100110110010001101101001111011100111110110 1
000100001000011001101000011101101111101001000000110000001110000100010100001 1
010111111011101011111001100011010111000101000101110010011010111100101101101 1
010110100111101001001110010111011000000110010010111000111100010110100010011 1

90 100
001100111100101110100010100100000111100000010100000000010110111000111101100000000001010001 0
100100001100100101101110001000111111011111000010101110110000111010110101001010100011011011 0
001010000111110000110101110111110001000011100101110100110101110100000011100000110110100110 0
001101000011001000110000100101101001001001101101110111111001110000100000111001111000101001 0
110110010010001011000010110111100111110111010101001000111100000111010100001001101111100111 0
110001110000001101010100100011100111100100101011100010000001000011101011001111101100001011 0
110111110111110101010111100011001010101110010000001011111110110011000111010010010000111010 0
010001001111101110010010101111110110010011101001000101111101010100101000111101001011110000 0
010110111100011110101110000100011000011001011100100010000011010100100000001110100001001000 0
001100000110110010110101101011111111110101110111111101101000110101010001100010111001111111 0
111010011110010010001001000110001000011101100011011010110101110010111011100001110111101111 0
100111010100000011001110011101111011110100110111011100001110011010100110111101110001101001 0
000010110001110101010011100001001010101110001111010000110010100101110111111001010010010011 0
011100110001101100110011001110110010101100110000000001101010111110100000011010110110010110 0
010101011110101011101011000100001001100111111010000100100110111011111001110111111011001010 0
010001110111101000111100101011110111010000010110010100001100110101000101100100001011011111 1
000101000111011111110110001111111110110101001110110101101101010111100010110000111111000110 0
111100001011000010101010000010010100001110011010010110000001100100101010111000001001001001 0
110011010000101101101000001110101111010011011101101000000111100001100011110011101001001111 0
010011001011101110011010110001000110010011101011110010101100010001000001111100011011001010 0
110010010100011110101000000000011110101111111110101001111111101010000111111000010111000011 0
010001001001110110100111101111100101011011100111101111111000110011110011001010000100011111 0
110101011010011111110010101000011101001000011000110111100010111001011111110010111101001000 0
101000011101001010101010110110010111010101001000001100011010011100001001101000100000000101 0
001101111010110000100100100001111000001100111111100110001001000101101011010000100110010101 0
011110101110000010111101101000001111101000001100111001111111101111011111101011001111101010 0
101000010101001110101111010010001001000010011100100111011010000100000011110001011100001100 0
101001111100011010101011010000111111000000001110101000101101000110010110101110110010010001 0
010100010111010100110110000001110100100011100110100101101101110111001001111100111101011111 0
001110100101000100101000101010111100100111001011101010100001100010000100000111000001011001 0
111101110010010101001010001001110001100101110101101000101001111011111100001011100110101001 0
011000110000001010000111010111110011000000000110010001100111101100011111100011010000110110 0
001110001110010011001001100010110001001111000001010110110111100111111011111011110110001010 0
010101011100011010001111110000001001001111101000000100011010110000001110000101101001001110 0
000000001110010111111110101010010010000011010011000110100101100101111111010011111100100111 0
010100011100111100000100101010111101100110101010110110101000010010101010011010000011011111 0
010000101100011001011000011011010010000000001100001001001000101100110110010100100000011111 0
000100010101111110000101110001101110111110001011001011101101110001011000010110010111111001 0
101001010010000010000001110111011011110100100100010010001011010111100110101001000001101010 1
101010101111000000000100011000010111011101001111111101100110111101000010100011101011110001 0
100001011001101111010011001000010011110000111110010001101101100011100110100011110110010100 0
110101001110100111011100110011010000110100110111010111100010111101110101110101101100010111 0
010111000011101111010110010100011000110111000011110110111101100001010111011011100011000100 0
101000000111000001000001000100101001001000101001101101100110110010001101001101010110101110 0
010110111010011111111101000111010001110000101001110000000011100001110000011111010011011001 0
110111111110101010100101011010011000111000010100110000100011010111000101010000001100110101 0
001010011100110011010110111010111110110010001100010001110001011100000001011100101101111111 0
000110110111101001000111000001100111110001100000101100100100110100001001111100010110101111 0
010110111111110010001111010010011010100001110011000111101100101000111101010111001011001101 0
110011110011001100000011000101010111000001110000000011111111011000001001010011001000100111 0
001010011100111110111110010111011110100010101010001111110111010000000001011010010011100101 0
001011111110011001001010111110001100111010111010010101010100100000010111000111110100000110 0
111111001110100111000000010101010111111000100111111110101011101110001111101010100111111011 0
010100111001100111101010100111010100111111011001111010101110000010000011110101010100110000 0
001011011011001100101001111011111010110101001110000100011110101000101111011100100110110011 0
001001101010000010111111001111111101010101000001000111110001101011010010111111011110000000 0
001010010001010101011101101010010110101101000000001110000001000010000100001011011000000001 0
010110110111100011000000000111111100001011101100010010000111001111111100011111110100100111 0
010101101001010100000100000101000011001101000111111101001001001011111000100010101000100000 0
011100010110010010110110010101100010101110111100010011011001111101111000011001001000001110 0
011010101001011000101111111001010010000001110010101000011100001000010111000011100000001111 0
100000011100110001101101111000000001100001010010100110001110010010100000100101100111110111 0
101111101100010111011101001110000111001010011000100110000111101111001001000101111101001010 0
001100000001001100010001000000001001001001101111110110011001101001111011111000110111011101 0
111101010000111110010101110011001011110110100111110110000111010111001000111100010101111100 0
001010001100011101111000010110010110000110111001011101000011000110110111100010011101001001 0
111001101010110100110001001010101101011010000110110110100001001111010011001011100101111110 0
100010000000101110010110001011101100111011001100001001001001111110101000101001001001110010 0
001111110100101100000011101110110011100110101101100101111000011010100010010100110110001100 0
110111111111100100011101101011100111001010110100001110000101011101011111100100100111111111 0
100001111000010110110001110001101001111001000011000000110100010111110010100000110011010000 0
101010101101100100010011100100010000010110100111110101111100111011011010100111000110001010 1
111101110100000011011110011011000110000010001000100101100001001010100100110010110100010010 0
101000100000110010101001010000001001011011101100010110011001101001100011100010010001011111 0
010000100110110110000010101010101001000011001000100101111001011011111101101011001010011111 0
011001100101001010010010001011010010110100101000000001011010110111100000010110010001100001 0
100000000001011000000001101110101011011010111110110110100011110011110011010000011001011001 0
100111001010100100110101110111101110010100110001010000110001100111101011010010111001010010 0
100001100111101011110111001000010010000000010110111100100010011100101001000000011101110001 0
000100101110111111000111101100111101010101010110010001110100101010011010111100101000111100 0
001011011001110111010010000110110111000100001110011000101110111100000101101110111101111001 0
101000000101110000100001011010100000000101010110100110111010000010011001110101011010101001 0
011000001000010111110001100101001001001100101101010010100000100000000110101111010000010010 0
110110100110001110111111101100111100100110010111000101010110101001111110110101101111111110 0
000101001111101000110101000110011001101000010111010000100011011111100010111100001001101100 0
010001111101010011000100001100011010001111100101001110110011010001001110000000101110100111 0
100101100001001000011101011100011011000010110101100010111101101010010011011001111110001111 0
100110100110101000111101110001111110100000010111110001110110010001001101101110001101010000 1
010011111010111000101001011011000100011111000111101100001101101111101110011010100110110010 0
000100101011010000000100010000001001011110111111010000101110010110001110101101000001011010 0
110011010101010111010011110101110111010101000001000001110100011110011101000010110110000110 0
001111101010010000110001101001101010001110111000011100010110000011010101110110100010011100 0
000011101000001111011001110010101100111001101011110111000100100010100010100101010001110000 0
100000100110010111111011101101100100010000101101110011110000000010011001010000111101010000 0
001000011011101111000101101000100000000001110001101110110010000100110110100100011100111100 0
001111101010110010001000101100000001111110111110100101111001011111000010001010010100010110 0
011101111101010001011110100000000010101000001001101100111101101100010100100000001111100010 0
010010011111110110111000001011000000101010101100010100001100000110100000010110110100000110 0
010100001001011100010000000100001011111011111001001001001011101000011110101011110000101110 0
000010000000100111011110011101000011011011100111000011011111010011110100010000000001000111 0

100 100
0010110010010000010000000000111111100101000000011110100100111100010010110111110101111101000110010011 1
1001110000110001011011100110001101010110111110111010110101101011100111000100111011000000111000110111 0
1101001011000100100101100110000110100001101111110000110101010001011001110011100100100110111110011011 0
1011001001110110000100010111101010010110011000001101100111000111110100001111011101010001010001100110 0
1100111111010010010000011111101001111000101000000010011110001101110000010110000001011000010100010010 0
0110110111110101111001100000010111100011101111110010001001010001111010100000011010110011110110111011 0
1011111100100011010100100011000100111000100101010001011010000010000010000011100000110011011001001000 0
1001000000001111110100101110011101001101100011100011001100100010010101101101001101001111001010010000 0
1101010111010010101101111101010100011000001000010011100001000010001001001011011110000010110110010110 0
1010000011111111000110100100011110010001110010110100010000110001001001110011010001000111100100101001 0
1111101111000001110110010111111010000100000100000011011010000111111101101110010011110001100111000110 1
1100000010011000001101010010010101101010011010000111100100001011111010110011011111001011010101010001 0
0110100001110111101001100011010001100100011100010110010110011010000010001111110110011000001010011010 1
0101010110000011101100111100110101000011101101111011101001011011110001111100011100011111110011111111 0
1000100100000111000111100111000110001001001110000111011001001000101001111001001010111001100100110010 0
1011010001011111010110010010001010110100001100001110100001001100010000000100000110010010110011110111 0
1111010000010000010111100010101011010000000100100011101110100111010010110100100101010101111100001110 0
1000100001000010011111111101011011000000101010010001110010111110010001111010001000111010010001001111 0
0001000001101011001111111100011011011011101110011100110010011100001000111100101000111110110000000100 0
1010100000100011100010010000100001111100110110100100101101110110000000011010000110100010001010011011 0
0101011011101001111110101100011011011110111011001110001101100001100000111010111010111001111111100110 1
1010001100010101100011101001011110010110111101111110100011110000001010101001010101010011100000001110 0
0011011001001001010000000011100101100010110010110110110011111101010011010111110100101001110110010001 0
1001100111011010011111000110111100010101010110111100010000011001011001100111100111100000011110111011 1
1010101100001101101110100011000101101110110000100010000100000101011000011011001001011100100110000100 1
1000010001000110010100011111011011011011001011010000100011101000000111011110001101110111101011010001 0
0001110011101011010110101111010010110111101001100111100101001100111110100001111101101111011101001110 0
0000101011010111001000000001101101011100001011011111110110010101000100100111010100111111110010111111 0
0010100110110010101011001100111111111101010011001111011011000010101001101000111100011110110111100010 0
0001001010100110000111110010100110011110000011001111000011100111010100100010110101000011101110011101 0
1001011101011011000001101010101001100111000101010010100000010010110001101100001010100111110110111111 0
1010110101011110001001111100011111000000001111111011011101001100001101101100011101100010110010110001 0
1010110111010110100101111000011110100111110111001011110111100011011000111110011010111001111110011100 1
1110101110110100101010100110010111100011010100110011001011010001011001100010001100000011110100101001 0
1101111000100110101011011111110110000000010111101111010000111100011011011000000111010110100000101000 0
1000000001010011101011110011010110010001100001100001010011110111110010110111101101001000100111010011 1
1001110011101100110010101111001101001100000111110011011001101010000110110010101100011110000010010001 0
0101111000100110100110100110111000101001000011000001111110001101111110010001000010101010011111001010 0
0000001001011111111100010101111111101000011101000010000010101111001001000101001000110111111000100001 0
0010011000101011111000001001010010111001110011100000100001110011001111100101011101111010101100001100 0
0100001010111101111000100111111101001101000111000100111000111111011001101100000100111010011100001100 0
1100101111010001001111011111001111000101000000010101000010100011110100010011110110110110100101101111 0
1001000110100001111101000101001101101101011011101011101010100010000100001000101000100100110101100110 0
0001000101011110010100001101101101000010111110111110110011001111111100110101110101111100000111000110 1
0100001101001100100100111101110100100000101001011001010110100110101101011101000111010011101110100010 0
1101000001110110000101010110001101001111001000000010011000000100001110110010000001000101111101010101 0
1111100100110110001111110100010101001010111100110101011001100111001100111000101111111011100011111010 0
0010100001110001011001010110100101111111010110000100001110100111010000111000000000000011001111000000 0
0111110000001101101100001001100111111111111001011110110100010001010101001101001010011001000011110001 1
1010110101111100100110101110111010101111011101100111011100111010000011110001001010111011000110110110 0
0111100101111011000001111011101011111101000101011110011110011010101010110100111001000011010111001100 0
1111100011010110100110110111000011101100111100010000011000010010100101110100101001011111110011010000 0
1111011000000011110001000010110001011111011011100100010111100011110001100101011011010100000101010001 0
1111000011000101001001101101100010100101010100000101001111111111111101110100100111011010101111010100 0
0111011110101100110110001011101111000010000100111100101000110110010011010100111110100011100111111100 0
1001101100010111000110000001101001100010111100001010100100010101111100111001010111101011011111000110 0
1010001011001110100001110110001100100001000101111111000011111001011100000010100101000111001001101111 0
1011000000101111001100101000101000000001011110110000010101011101001000101110100000000100001111011101 0
1111011011000000100101001010010111010010110100111111111001000011001000010010101000110110010001001101 0
1111101001001011101101101100000011111111000101110000010110110110011100100110001011011000011111110010 1
0001111101010001101111000100110010101011110000110100010000001000010110111111000011010110110110111011 0
0001111111010000101111010101110110111001100010000110111111001100111110000001010101111000110000111000 0
0011010100010101111001100011000101010001100110001101011011001011110110000011111000011111011110101100 0
0010100001001011010001001100000011100100000010111111011100110111101111100101110001001111100010100110 0
0000001111011010101100110000110000000011110011011001011011010110110010111011100100001100001110110011 1
0001000000100101100101000010001000110010000110000000000001001100101100100111100100000001001100110010 0
0000000100100110111101101011101111011001010001000010100010100011110111010011101000011110100101111100 0
0101110111111100010110110011111001101110000110000011101100001100110001001010110100010101101111100100 1
0101111010110000101100011101001011111010011011101011110000001100111001000111001101010001101010001001 1
1001110111010011110011001011010100011010010001110111111010100010001000000010101100011010010010010010 0
0010000001101010011001111101100001001101000001000100111010000000110001101101111101011100100101110010 0
1000011100001000000101100010000100101011000000000100010011001011010011101100100110111111011110101101 0
0110110010011100101110111010111100111101000110100100111010101011111001101110011001010101111010001110 1
0001001010011101000011010011101110010011010000111010111101111010011010100100011110110100011100000111 0
0010010010100010100110110100010011011110100110000001011101100111111000011010010010001111000001110011 0
1100110000001000110110111101110001000001101011000001011101101101011111000101011011101011001100001010 0
1111010000001000010001101000001110101100110110111101111010110011001110111100111111001000010011111110 1
1010010111001100100100111010101000000001001111101111001110000110111101001111001011111010011000111011 0
1110101101100111100011011110100011100000110100100100001100110100110110110000010000001011010100111101 0
0000000001001110101110000110101101101101000011001001001000010100010000111110011011111001000100101000 0
0011100011010101101111010011001000010010111101010111110111011001001100110000100101010000001101111001 0
0100101011010000100100011101100011001100001011101110111111001000110100111110000001010101000110101110 1
1110000010011000111111000111001010011100101111100000000001100101111001011100111101101001110100101001 0
1110011110111010010000110010011100010101110001000000001100110000101110001001110110100111100100011100 0
1011010100001001110010011010110101001001101001110001001100111001100010000101110110100010010110101110 0
1101000111111010000010101010100010010011100101100101010101111100101100000110000010010000111001011100 0
0100011011100100100001001000100110011100011001011011010110100000001011010100001010111100111011001100 1
1011010001010001100111110111011110110100001001001010101110011111100110111001101000110001101010100001 1
0101001100001111111010100010011101000100001110000111100101110000001001001110010011101100011001101001 0
1010000000010111111110011111110010010010011011000111010101010110111111000101001101000111000110101011 0
1110111101000100011010100001100011001001101111110100110101011110001101011101010100110100011100000100 0
0011010011111011011000001011110111011100011100100000101000111100110000001111001010000101110011100100 1
1000110101111010111101110010110010110100001000011101001100100001010001011111110001001111111110111100 0
0011000111010011110000010101001110010101000000111101100110111000111101100100110000100111000111100010 0
1001000110010110111111000100100000000001001010001111011100110000001101001100001110010000000000000110 0
0001100101111101110110110010110010100100011001100111110110101100100110101000010011000001010110100000 1
0100000010001010111101110000000110110110100001010011100100010000111101111011101000110110011011000000 0
1110111110110000111100000000001100111100111010011100000010011111000111010110111111110111110011110001 0
1001011110000110001011001011000101000001001000000100110010110100001101011011000110101100111111010100 1
0111111111001111111011000010101110001110001010101010110010000111011110010110100011100101111100000101 0

100 100
0000010101011111010101101011000010011000101010101011111010110101100110101010000100011110101111110101 0
0111101110010011101010100010011000111000001000111010110110111010001110110101110000011100110011010011 0
0000101100100011111001011101110100111101101100011111110000110100101010100010011100011010101110110011 0
0110100011111011001110000110011000110111111010110011110111010110000001010111111110101100001111111101 0
1001101010100011110011100000001100010111101110101100011101101011010011101100111101101011101010111100 0
0110010001101000101000110011010001010110000100110001010011010001100111101111111011100101101101011001 0
1110000011010110011100101101000101001001100111100010101001101111010010101110000010100000100010001001 0
0111010010000101111010100101100110111110101011110011000010001000010101011111000111010001100000011001 0
0001100000110110011111111100011010110010000011010001110111110111100101111111000001110001100111000110 1
0010011011110001010111000100011010011100111110001110000010111010000010001000000110110101110011011011 0
0011010000110010111001011000101101100100110011000000101001111011101011000001111111101010001100100001 0
0000100011001110000000100001100110101100101000000100110101011100110011101001001011001001100110111010 0
1000000011001010111011111100111001000011011100111011110000011111110101000110001101010010011010101111 0
0111001001000010100101111110000111010100001000011011100011101110011001111010001100001000110001010011 0
1001011110001100100101100011010110001111011101101111000101000000000101000111001010100111111111110100 0
0101010111101001010100011001111001100111000110010100100000001101110101100111110100010001001011100100 0
1101010100110100101100101101001111010011000010101011111000000100101110010001111011100110110100111110 1
1110011101100000110000011100010011011101011010011010111011011010111011010101100110101000100001011100 0
0010110100010110110010110101101100000010011100111110001001110000000001010100111001001101110111101000 0
1110010000001110010110001001011100101001011100100101001100001101111010111101101111010010011111000110 0
1010101101010110101110001011101101101111010001111001001100000011101010111100111010110101101000110010 0
0011011101111101000111111010000011011101011101100101110001000011010100011100110110000000010011110101 0
1100000101011011111100101010101011011111010101111001011011001100001110110110101001110111011101101011 0
1001011110101011100111010111000111010100110011111100011000100011110100111111000110111010010110001110 0
1111010110010000000110000000110101010000001001011000100100100110111111110010001101011010100101110101 0
0000011010000011001111010000101101011110110110100011000000111001000110111001011000000000111000100010 0
0011010011110110111010010011001000111010101110010111100001101001010110010100001010110110000100000111 0
1101111110111001110110011011100001010101010110001010111010111111010010011000100011100001110000111110 0
1110010100111011110001001110011100100110111010101101001111010100111100111011001100000000101110101000 0
1110011011011001001101011010010110011110010100100000101000110101100001101101111111110010001000110100 0
1110011100010100100100000100101010011101100111101011010010000101100010100001111010110111101111011010 0
0100101000011111100001000011101111000100001100011011111100011100001001000010011110100010111001000110 0
1101111000110010100011011011001101010110111110000001000111010100001011000111110100001010111101101100 0
0000111011110111101010011110010010001000111100010111110011010001001001000010001111010111001101011010 0
1100110010111101011110001010000010010011000110100011011110100000001000010001111110011001001101101011 0
0100111001101011000001100001010001000000100000100100000000110010100101111011011001011010011010100110 0
0011010001001010010101110010001000011011000101110000111100000101100111011000011011110000100111011000 0
0011111110101010100001100011010011001110010110100000100101000010010100101100111111001011000001000110 0
1010010101101100100100001011101010011100010100000010011100010101000111100111011010110000001001000011 0
1110011000100010000000001001101010011100110011011110110001011110101111110111010001011001100011001011 0
1000111000011000001001011100111001010011010110001101101011000010110011111110110000011110001000111111 0
0001110100111100000001101011110110110100111010010100010011100110101111010111101111110111101110111000 0
1010011110101011010111010001001011010101011100101111110110000101000011110010100011101110110010110000 0
1111000100100101001010000101101010011001001010110111110110000111011111011000010001111110110111110001 0
1011011001011000110110000110110111000100111010001010000011110100000010001000001100010010001011011010 0
1010011000100111011010011100100001101001011011110011010101101001111011110101010001101001111010111011 0
1101001001001100101001011100101010010110010101101101011101101100101110001010110100001110100010101000 0
1000000010111110100000001100000101111010001110000000110001001010111010010111110110001000100110101010 1
0110101011010011001000110001011000011100101101001001011011110010010110000110010111110010101101110101 0
1011001000011111101011110000010111110000001110101000111110011010100100110101111001010011011110100100 0
1111000011010110100111001101101001001000010001111100000110001111011110011001110000000011010101010001 0
0011010100100100111001100010000001110100100110111011001001101101010001011000011100001101010100100100 0
0001000001100101100100101011111001100110100100010000111010111011000001011001000001110010001110110110 0
0111111111100011011010000110001010100011011011100001000011110011010011010100010000001010100101100110 0
0111011111111110101101000111001110010101000111010100001000100011110101001000101111010110110110001010 1
1100101100010000100010100110000100011101111111111110011000000000100010101001010111010111101101011010 0
0110111101110101000101001000011100101011101111011001010110101010000101110001111111010000000001011001 0
1101101110011000110110111100111101001111110110101100110010001110000111010001110000111110111100100110 0
0010011101001111001110011111001000011001101110010111010111010000001000100110111000100011100100001101 0
1010100011000000001101100101010010000000110110110000010001110111111011000001010101100001110101000101 0
0011010011110110111001100100001001100011100111100100011101100110001000010000000011110001101110011111 1
1111011010001101100100010001101010011111101011010000000110000110111101001100101111110101011000001010 0
1100000110001011100110010010000110100011001101111110111011001011011010010100010111100101001101000111 0
0100001101010010101101010110001011101011110110100010101111111001111110001111101101101110011111010101 0
1011100001110111001011110001100100000001100011111111000000100010010011101100001010110111111110111010 0
1100010111101011100011101010010101100111001100110110100010111111001001101000011101111100110001111111 0
0101101011110011110100101110010000110111000001100110101010111111111100001001011010101010000011100010 0
1100101101011110101101110111101010010000101011101000111101001001010010101000111111100001101101000011 0
0011000011110010011000100110100101101101010011001001011000110100011001101100010110011001010101100001 0
0111001110000110111100001011010010110101111100110100111010111000010000111011000011100001000100000000 0
0100111110011111100100001001001111100010011100010000110010100011001001010101010011100101011000000101 0
0101000010111011101110011011100010111100111111001100000101011110100010111000100000100110010001000001 0
0101001110010111001011001101100001101110111100000010110000100000110000111010110111111111111011001101 0
1110000111010001111100110111000111011001110010101010101101001000000100001000011000011101001101001000 0
0000100111110101100101111110110100110000101110000001010101111001000100110010010100001011100001111101 0
0100110011111111100001110001000010000101010101011101010010110111100110010000110000001000110101111110 0
1111000110010011011101101010101000000011010011100010000100110000100100101101111110011001001101111011 0
0011110001010011010111000111100101100100100101010000000011010000010011101110011011011000001000001110 0
0001111100101010011010000100010011100111111110110001101110111011111101010101000000111110100001110110 1
0100101101110001111001101001110100110001010000110000010110011000001100001001011001000111110101101011 0
0100101000001101011101000111001001011011001011110001011000001111010110100001010000101100100011111010 0
0000001001101001101111101100110111111001111011110001011101110101011011100111000010110100010100010111 0
0000110010001011111101010100011111110110010110001100101111100011000001001110111001011101011000000000 0
0101011100111001110001001001110100000110001100001001100010001011011000101001001111100111111110011001 0
0101101000110000111100010001000110010111000010001111110101001011100111011110111100010100000110000011 0
1011101000101001101111001101111110000110001101011100010000110001000101101010111100101001000001011001 0
1110000110010001000000111101100010010110111111010000011001111111110001011100100100111111000011110111 0
1100010110000011100100111000011101110100010011001011110011010101110110111110010100011110000010100101 0
0101110110110101010010110010011011101110001001000010001000100001001110111001101100100001111100000111 0
1010011111011010011110010010100101100111010111100011100101001011101110010011101111101111111010001110 0
0100111011000101000110010011110100101100001011101111110011110101101011110011101111010010101001111000 0
1111101000101110100101100000000110100001001010010000111111111000010010100000001001110001100000000001 0
0011011110111001010110110110110011101010000110011010001000110111001100001010011010011001010000000101 0
0011011000001110111101001010111110011110000111101011110111110001010001001010100000001011100100001000 0
1001001000010011000100001000010011101001000011011011111000001100010100001110011010100100110001000110 0
1110000110100010110001000100011110010001011100110000101111111010011010101111101101011101000101110110 1
1100010111100111000001000111011101000011101111011101001011100010110111100011101011111110010010011001 0
1111011110001110000011011000001001100011011110110000101011011011111111000111111111101000100101010000 0
1001111000011110011101000101101011100011010100001101000010100001100001110100101111011001011100010010 0
1011000101000111110010110100000100100100000010111010001010010010001011111111100101101100100111111000 0

100 100
0100010111000110010000010011100000001110010001011011110111010010010101100000111011100100101110111110 1
0000100000110011010001100101001001110110111110110110111101101001011000001110101101010100010100000100 1
0011000010000101001100110110110101001101111100000101110111100100100011100110111101010011100000010110 1
1000001110001111001101101010110010011110011100010101011010001111110011110001000000101100110101011000 1
1101111111111000001110100111111001111010100000011000000110001100011110001011010111101010010100101100 0
0000100100011001101001000111111101111100111110010011101111100010100110111001000101011110000101111101 0
1010000001101011101100100111101101101110100001101110110101110000111110100100000010001001110111010101 1
1110010000100110100001011100111010010010100111011011111101110111110101111101000101101011101110110100 1
0101110011010000111001110011110101010010001001100001110101110100001111111011101111001001110100110101 1
1011000001110000010111111000010101001001001001001010000110111111011100100000100011111100110001000110 1
0010010110001100101000010001101010010001100010100001000000001100101110100100110101001110110000010011 0
0101000111100011110011011101011010110101101101010010111101011010011001011101000111100011000101100001 1
0010100111000111001000011001110111100001101010100000010110001000011011111011101101000010010110110011 1
0011100111101111011110100000010001111110100001000100010010011001111010000100001101100101101011000111 1
1110001010001000011101011000111111111010000100111000001101001110001110110111100110110000000101100001 0
1011100001100001001110101101111100010010000000111000010101000010010111110000011101100001101100011000 1
1011000111111011000011111001011110110100001100001000010110111010001110110010010100000011001000010001 1
1001101101101101001111110010000100000010100011111000001000010000010011001000110010010111110110011010 0
1010001100100010001101101001001111111111101100100100011111011010100011101001110100001110000101011011 1
0100111111111000110111101011100100010101001101110111101011001001101111001111111100110001100100010101 0
1100101011010010010011011011000100010111010010111110001100000000101110100101111000000100101011001010 1
0000101010110100101011100110000101111000011101100001010001001010101011010001111101100100000000000101 1
1111100110101100100110110110011100011000011101110001000111110000000110010110000000110100111110010011 1
1100010011110000001110010100011101100011101101101010110100011100000101011101001100011010011101101011 1
0011100101101101001111100100110101011001010100100011101001011001100110011000010000110110001101000011 0
1000000001000111110111100100011011001001100011100111110100110011111011011011101101110100111100111001 1
0010101100111010010011010111101100111001100001110111011100000110111011101110001110011101101111110011 1
1010111100000110011001010111011110000110111100101110011001100001101110101011110001000000100100010101 1
0100111010000000001010110001110110100101100100001110001001011000100110000010110011011110111000010001 1
0101000000100011110110110010000010110111101100100111000001101100001011111000110111011011101001001101 1
0000001000110000111001011011001001101001110110011111111010110100010011100000001010101010001011000100 1
1001000010011000100001111100100101011011010001011011111101101011110000101001101010001110010111000100 0
0100101011111110110011100101110100110011001100011010000010101101111000101011010101101100010100110010 1
1011100101111100100010011111111011111100111000010111111000110011110100111011000111000101010010111001 0
1101010001111101111011010100101011110100010010101010110100010111001001100101110011000000101110110010 0
0111110110001101100110011111000111000111101011001010011101001010000010000111111010101011101001001110 0
1010101010011001111101010001100011101010011111100000100100001000110001000101010010100100100011000110 0
1111101000101100111010100111010001111010000101110111100101100101010100100000110101010010100011110100 0
0100101000100001100100011101000010001111101101001110101111010011110001111111011001001110110111001001 1
0101001111001011100001111000001010110101000001111111011111111100111100010011000110111000101111101111 1
1010100111010100000011110101010100110111110110010010101111110100100011100001000101111000111110000001 1
0010010011010100111101001001100101100100101111000111011100010000010000010111111101010000011011010001 1
0000111000111001001101111001011111110010000100010100010100001110001001111100111101011001011101111110 0
0111110000100010000111000101001111000111101100100101000010010101011100010100111101001000001000101111 1
1000001110101111110010010001010110011100011100010011110100001010111011010100001011100110110010001100 1
1100100010101110011101001110100010110110000111011101101010110110001000000111010110000100011010011111 1
0111001001101111111101000111001010101101010101010100100110000100000110011001110101111001011001001010 1
0110000111101111101011110100111100101110110001110001110101010100101010001001011011110000100110110010 1
0000100010000100101000111010011001011110110100101001010000001101000010011100100000011011011001100001 1
1010111110110010101001010110110010001011010011010110001111100011010111010110001010000011100101000000 1
0101100110001001100001011110110110101110110001111111000011001010000111010010110001111110110010010010 0
1111001101011110011101001101000110100010111000100010010110111110100100111100110110111110000111111001 1
0011010100101011101100111001011011100010000110000100111111010001111111011010011011000111000000010101 1
0101001110000100010001001100001011111101111100101011110010010111010001110000000001111110011010011011 1
0011111101111000100011101111011110000110101000010100010101010100000010000101110000000010111011011011 0
1110000100110110011111001100010101001010001010011110111011010110011010011110110001110001101110101000 1
0101000100111101110101101111110100001011011001110001111001010001101001110010101001101001101011100000 0
1110011101100111000010111110111111110001001010110000011010001110000110010110111111111010010010010001 1
0011010110001110110000101101100000101010011110100000000110100101101101100011111110110111101010110000 1
1000111010111110001011110011010010010111110001001100110101001100101111000000100000111101010100011110 1
1100101000001100110010000011110000001001000110101111111110101110110010010001011110000101110101110100 0
0110000111000101111010001110111100100101101111001100101000011111100100110000000101111001001100110110 1
0110110001011101100011010111000010111111110001101100101110100100111110001101011111101011001101111000 0
1010000101010010000011000010010111110110011000000101010111111010100101100110110001110101110011010000 1
0001100110100001010010111011111111011000110100001101100001010101000110000010110001101101001011010011 1
1111010111000010010101011011100011110010110110111001110010100000111010001000010110001100100100110111 1
1010010110100111000000011110100001000100110101101100101100110111001111100111001000010100101111001010 1
0001111001001110011011101111011011100100001000001000110011010101010000011111111111100011111001100101 1
0010101010000000101011001000010111101010110111111010000100110001110111100011100010010000011011010000 1
1011000010110010011011101011010011110001010101100001000101110111101101010000111101101110001000110001 1
0000001110111100100110110000010010010100001111000001111101100111110010010100000010000110000001111110 0
1100101001111110010010011000100110100000011100001011110010110101111100101110110101011010001011101011 1
1100001000000110010110001110000110100101101010011100111100101100010000100001001011010100011101100011 1
0111101111110011001110100000110101010011100100100011101101111111111110010100110101011100011100110001 1
1000101000010101101001100000100000010100101101010100010011001001001011001111111111110101000110111000 1
0100001010101000011110001111110001011110100000011101001110111110011100110110111111011101110011010110 0
0110001110010101010111001001100110110111110011110000110011101011010001111010111111100001101001100000 1
1101100010111111110101110110110110001100111001010010100001011000110000011011110101110110101000011011 1
0010101100101001000010010000110111111001011011111111100101110110001111010011101110000010100011011100 1
1001110001111010101001111100110010100000101101111011010100011000111111111101011110011011011011000110 1
1100100011111111001111000111010101111110001110011000111100101101010111111111110011110000010110010011 1
0001111101010110010111001001110111110000101000001111001001110001110110011111011100010110001000011011 1
1000110000100010110111011101010110001011000101110101000101100100000101111101010001011001110010010000 1
1110110011101001011011111011001011010111000100011111000100100001110100100111110011111011001000101011 0
0101010111000010100100100110100110110101010111100010000001011000111111010001001000001011110000010101 1
0011101101101111000000010111101100011101011111011010011000110110110010110111010100101010001010110111 1
1010100111111101000100001100110001010001110010011001011000011011011011111110111010101101101010010111 0
0011010111110101110101011110000010111000111101111111010111110001010110000100110001110001101101000010 1
1011010110001111101110101111110011101110111100000110010101010100010111001111101111110000110000001000 1
0101000011001101010110110100110100000010010101000011100100011011010101100110011010101101000101101111 0
0100000111000110100101100111101111110001101110100111101100110001000000110100100010100000011010110110 1
1110111101100100110000001100101011010100110111000010111001110011110011000111010001010110100111001100 1
1000100100110010111010110101001100110100111110111011000110010000011000011111100011111100110110110110 1
1000111111001010000101001100011111101010001100100100101001000101011101001111101001010110110100100000 1
0001110110101000101011010110110110000001111000010001101110100111010000111011011111001111011001100100 0
1110000011100001111001111100000101101001101101110001010100101101011010110000011001100011001101001000 1
1100000110110110000100110100010100100100011010011001010111110000001111110011011101001110011011011101 1
1011000111110001101011101101111110011010001001101000101011100111101000100001011111001110001010110011 1
0111001110100101001111001101110111011100010010011100110001110111010111110011011111000001110011111010 1
0110011000110101110010110100001010111011001111000011100110110001011010111000101110100110001001000101 1
