10

96 100
100000000000000000000000000000000000000000000000000000000000000000000000000000000000000000000000 1
010000000000000000000000000000000000000000000000000000000000000000000000000000000000000000000000 1
001000000000000000000000000000000000000000000000000000000000000000000000000000000000000000000000 1
000100000000000000000000000000000000000000000000000000000000000000000000000000000000000000000000 1
000010000000000000000000000000000000000000000000000000000000000000000000000000000000000000000000 0
000001000000000000000000000000000000000000000000000000000000000000000000000000000000000000000000 0
000000100000000000000000000000000000000000000000000000000000000000000000000000000000000000000000 0
000000010000000000000000000000000000000000000000000000000000000000000000000000000000000000000000 0
000000001000000000000000000000000000000000000000000000000000000000000000000000000000000000000000 1
000000000100000000000000000000000000000000000000000000000000000000000000000000000000000000000000 1
000000000010000000000000000000000000000000000000000000000000000000000000000000000000000000000000 0
000000000001000000000000000000000000000000000000000000000000000000000000000000000000000000000000 1
000000000000100000000000000000000000000000000000000000000000000000000000000000000000000000000000 0
000000000000010000000000000000000000000000000000000000000000000000000000000000000000000000000000 0
000000000000001000000000000000000000000000000000000000000000000000000000000000000000000000000000 1
000000000000000100000000000000000000000000000000000000000000000000000000000000000000000000000000 0
000000000000000010000000000000000000000000000000000000000000000000000000000000000000000000000000 0
000000000000000001000000000000000000000000000000000000000000000000000000000000000000000000000000 0
000000000000000000100000000000000000000000000000000000000000000000000000000000000000000000000000 0
000000000000000000010000000000000000000000000000000000000000000000000000000000000000000000000000 0
000000000000000000001000000000000000000000000000000000000000000000000000000000000000000000000000 0
000000000000000000000100000000000000000000000000000000000000000000000000000000000000000000000000 0
000000000000000000000010000000000000000000000000000000000000000000000000000000000000000000000000 0
000000000000000000000001000000000000000000000000000000000000000000000000000000000000000000000000 1
000000000000000000000000100000000000000000000000000000000000000000000000000000000000000000000000 0
000000000000000000000000010000000000000000000000000000000000000000000000000000000000000000000000 0
000000000000000000000000001000000000000000000000000000000000000000000000000000000000000000000000 1
000000000000000000000000000100000000000000000000000000000000000000000000000000000000000000000000 0
000000000000000000000000000010000000000000000000000000000000000000000000000000000000000000000000 0
000000000000000000000000000001000000000000000000000000000000000000000000000000000000000000000000 1
000000000000000000000000000000100000000000000000000000000000000000000000000000000000000000000000 0
000000000000000000000000000000010000000000000000000000000000000000000000000000000000000000000000 1
000000000000000000000000000000001000000000000000000000000000000000000000000000000000000000000000 0
000000000000000000000000000000000100000000000000000000000000000000000000000000000000000000000000 1
000000000000000000000000000000000010000000000000000000000000000000000000000000000000000000000000 1
000000000000000000000000000000000001000000000000000000000000000000000000000000000000000000000000 0
000000000000000000000000000000000000100000000000000000000000000000000000000000000000000000000000 1
000000000000000000000000000000000000010000000000000000000000000000000000000000000000000000000000 1
000000000000000000000000000000000000001000000000000000000000000000000000000000000000000000000000 1
000000000000000000000000000000000000000100000000000000000000000000000000000000000000000000000000 0
000000000000000000000000000000000000000010000000000000000000000000000000000000000000000000000000 0
000000000000000000000000000000000000000001000000000000000000000000000000000000000000000000000000 1
000000000000000000000000000000000000000000100000000000000000000000000000000000000000000000000000 1
000000000000000000000000000000000000000000010000000000000000000000000000000000000000000000000000 1
000000000000000000000000000000000000000000001000000000000000000000000000000000000000000000000000 1
000000000000000000000000000000000000000000000100000000000000000000000000000000000000000000000000 1
000000000000000000000000000000000000000000000010000000000000000000000000000000000000000000000000 1
000000000000000000000000000000000000000000000001000000000000000000000000000000000000000000000000 1
000000000000000000000000000000000000000000000000100000000000000000000000000000000000000000000000 1
000000000000000000000000000000000000000000000000010000000000000000000000000000000000000000000000 0
000000000000000000000000000000000000000000000000001000000000000000000000000000000000000000000000 1
000000000000000000000000000000000000000000000000000100000000000000000000000000000000000000000000 0
000000000000000000000000000000000000000000000000000010000000000000000000000000000000000000000000 0
000000000000000000000000000000000000000000000000000001000000000000000000000000000000000000000000 0
000000000000000000000000000000000000000000000000000000100000000000000000000000000000000000000000 1
000000000000000000000000000000000000000000000000000000010000000000000000000000000000000000000000 0
000000000000000000000000000000000000000000000000000000001000000000000000000000000000000000000000 0
000000000000000000000000000000000000000000000000000000000100000000000000000000000000000000000000 0
000000000000000000000000000000000000000000000000000000000010000000000000000000000000000000000000 1
000000000000000000000000000000000000000000000000000000000001000000000000000000000000000000000000 0
000000000000000000000000000000000000000000000000000000000000100000000000000000000000000000000000 1
000000000000000000000000000000000000000000000000000000000000010000000000000000000000000000000000 1
000000000000000000000000000000000000000000000000000000000000001000000000000000000000000000000000 0
000000000000000000000000000000000000000000000000000000000000000100000000000000000000000000000000 1
000000000000000000000000000000000000000000000000000000000000000010000000000000000000000000000000 0
000000000000000000000000000000000000000000000000000000000000000001000000000000000000000000000000 1
000000000000000000000000000000000000000000000000000000000000000000100000000000000000000000000000 1
000000000000000000000000000000000000000000000000000000000000000000010000000000000000000000000000 1
000000000000000000000000000000000000000000000000000000000000000000001000000000000000000000000000 0
000000000000000000000000000000000000000000000000000000000000000000000100000000000000000000000000 0
000000000000000000000000000000000000000000000000000000000000000000000010000000000000000000000000 1
000000000000000000000000000000000000000000000000000000000000000000000001000000000000000000000000 0
000000000000000000000000000000000000000000000000000000000000000000000000100000000000000000000000 1
000000000000000000000000000000000000000000000000000000000000000000000000010000000000000000000000 1
000000000000000000000000000000000000000000000000000000000000000000000000001000000000000000000000 1
000000000000000000000000000000000000000000000000000000000000000000000000000100000000000000000000 0
000000000000000000000000000000000000000000000000000000000000000000000000000010000000000000000000 0
000000000000000000000000000000000000000000000000000000000000000000000000000001000000000000000000 1
000000000000000000000000000000000000000000000000000000000000000000000000000000100000000000000000 1
000000000000000000000000000000000000000000000000000000000000000000000000000000010000000000000000 1
000000000000000000000000000000000000000000000000000000000000000000000000000000001000000000000000 1
000000000000000000000000000000000000000000000000000000000000000000000000000000000100000000000000 1
000000000000000000000000000000000000000000000000000000000000000000000000000000000010000000000000 1
000000000000000000000000000000000000000000000000000000000000000000000000000000000001000000000000 1
000000000000000000000000000000000000000000000000000000000000000000000000000000000000100000000000 1
000000000000000000000000000000000000000000000000000000000000000000000000000000000000010000000000 0
000000000000000000000000000000000000000000000000000000000000000000000000000000000000001000000000 0
000000000000000000000000000000000000000000000000000000000000000000000000000000000000000100000000 1
000000000000000000000000000000000000000000000000000000000000000000000000000000000000000010000000 0
000000000000000000000000000000000000000000000000000000000000000000000000000000000000000001000000 1
000000000000000000000000000000000000000000000000000000000000000000000000000000000000000000100000 1
000000000000000000000000000000000000000000000000000000000000000000000000000000000000000000010000 1
000000000000000000000000000000000000000000000000000000000000000000000000000000000000000000001000 0
000000000000000000000000000000000000000000000000000000000000000000000000000000000000000000000100 1
000000000000000000000000000000000000000000000000000000000000000000000000000000000000000000000010 0
000000000000000000000000000000000000000000000000000000000000000000000000000000000000000000000001 0
000000000000000000000000000000000000000000000000000000000000000000000000000000000000000000001100 0
000000000000000000000000000000000000000000000000000000000000000000000000000000000000000000001101 1
000000000000000000000000000000000000000000000000000000000000000000000000000000000000000000001110 1
000000000000000000000000000000000000000000000000000000000000000000000000000000000000000000001111 0

15 100
011010001110010 0
111101001010110 0
010101100001100 0
101010010111110 0
010000110110001 0
011000000011010 0
011011000100100 0
010110010011110 0
001100111101111 1
000011010010111 0
011100011111000 0
100000101001000 0
101111111000100 0
101001010110010 0
010100111010000 0
010110110111111 0
000010001000000 0
011101110101101 0
001000011111110 1
111001101011101 0
001100001110001 0
010101111010111 0
111010010100100 0
010100011111110 0
001000011001000 0
101111111000101 0
101100101111011 0
000111101011001 0
000110101010001 0
100101110011111 0
111110101010010 0
001001110111000 0
010101001100111 0
010110001000100 0
100100000011000 0
001010010110101 0
101111001000101 0
101001000110100 0
000010110100110 0
011011100111100 0
010011001011010 0
111011101100110 0
111100001110011 0
101000101011000 0
110000110001011 0
001100100001110 0
001000011011000 0
100011001011000 0
000101100010010 0
000101011110011 0
111110000111110 0
110101000111001 0
110001010101010 0
101110010000000 0
111101100110001 0
011100111010010 0
000100010100100 0
101011110010011 0
110100101111111 0
101000011000001 0
010000011110001 0
101000001011010 0
011010111000001 0
011111100101000 0
000011001101000 0
101001111101011 0
110111011111111 0
100000111010111 0
100110001110001 0
111101111100111 0
000011011001001 0
001111110000010 0
110110101000100 0
100000111111010 0
001000010010011 0
001101110001100 0
101011010111110 0
000010101000110 0
001100001011110 1
010011111011000 0
100010011110011 0
111110101010011 0
001101100000101 0
010111000101000 0
111001110000010 0
110111011001100 0
011101010010011 0
101110001101000 0
001111011100100 0
110000000110000 0
000001101011111 0
101101100111011 0
000100010100011 0
001111011000001 0
111101101001000 0
100011100001001 0
100110011111011 0
000001011010110 0
100110001110001 0
101111110011010 0

30 100
100110001110011011011001000010 0
000110011111000001010001000110 0
000110111100101100101100100000 1
001100111010111001100001101000 1
000000110100001000101100001011 0
100100000100101100001101010000 0
100100101111011001000011001001 0
110001000111110111011000000001 0
011010010110100010001010010101 0
001010110000101011010100100000 1
000000110011110101011100000100 0
011011000011101100111011010110 0
110000000011110010111101001111 0
111111101110010100011000001111 0
001110011111001101100101100111 1
010110001110111000000101100011 0
111101100000011011011011111110 1
011110000100111110001000111000 0
111011111011100010001000111101 0
110101010001101001001101010010 0
010011000101001000101000001011 0
000011011111010000100110011000 0
000010101010010111011001011001 0
001111001011100011010011010110 0
101011010111011010000110100010 1
100101011100100110111001011000 0
101100101001101010101010001001 0
000100001011110110011001001110 0
101011011000100011000110111001 1
100111100110011000100010111011 0
111000001111000000111101111110 0
011011010010010001010111010100 0
010000100110101100110111100100 0
001001101010101101001110110011 1
111110100110111000001011100111 0
001111011011100100101111011100 0
000011011000101011011110001111 0
110100011011000010001011000111 0
000000001011011101110101101110 1
001010011000100001110101001101 0
000010001000100111101001010011 0
110100100110110001111110000011 0
011111001011101111100010000011 0
000101001010110001101001001110 0
110111110101011000001000001101 0
101011101000001101100110111111 0
110111110101000100000111010101 0
110101011110111011001110001110 0
011110110100001110110110111000 0
111010000100100000010101000000 0
100010010110000101111000001001 0
011001011111110011100101100011 1
110111110001111000101110010001 0
101000110110101100001111011010 0
111110100010110010111010001111 0
000010111101111101000110111001 1
110110001111000010010101110111 0
011101101110100110001100010000 0
110011010110011001000100011011 0
001110101011000000000001010011 0
110000101101001011110101111100 0
010010010111100010100001100000 0
010100110011010000100111011011 0
000100011000010010100011000011 0
110011010110111001100011010111 0
010101111011000000110101001111 0
100001000010010010000110111000 1
101011011001110100111101010111 0
011000010111001110101000010101 0
011111111001010000101101110111 1
101001010011100100000101011101 0
011010001100000111111000010001 0
001000101001010101010010010011 0
100100001010000101111110000010 0
001101000010111010010100100010 1
100001011101000011001001101110 1
000111100000000101100111111011 1
111001001011110011100111000011 0
111110101011101100000110110010 0
010100100111000100101111001011 0
100111011110110010111000100101 0
100011000110000010000000110110 1
000111111111111010010000011101 0
010101111000100110100000011110 0
010110011011011101111110111000 1
011011000111111010100000111111 0
011000000111000101001101010010 0
111111111100111010111000010000 0
111000011100011101010010010111 0
101111101001110011011001011110 0
010101100111001000011010110000 0
011111001011010111100001111111 1
110001101110110001010011100011 1
000011110010001000010001101011 0
111001101010011011110111101110 1
110101000010001111001100001111 0
010111011000101010001100001111 0
001110100000101110111011011010 0
101011011011111001100110011001 0
110100111101010011111111100101 1

45 100
001000011011111001001100111011111001001000111 1
010011010101110010111110110001101110010000010 1
010100010001000111000110110100001011000100001 1
000000110100001010100100001010110110111101101 1
101011111000010100010101000010000101011011000 1
101010101000010010010011000100000101111110111 0
011001010100000000100101011111010110110100000 1
011011110110001011101011001000011110000111111 1
101000110111101110101101010101111011100110000 1
010111010100001010001110000110111100101111001 0
000001011001111000000101000001001000101111000 1
100101010011110110110001111011000010111000111 0
001101101110101111100101100011110100010101111 0
000010110010001111011101010000110111000001001 1
101010100110110001010011010010110010100111110 0
111101100111111101111011100111110000100010111 0
011101010111010100100101101010011101000101000 0
000110011110100111100100000010011000111001101 0
111011010000110101001111100001010101001001010 1
100100001101000011110111000010100011011111011 0
101000111110010111110101010001111011011000001 1
011101100100001101110001010011010010101011011 0
011011011001000011001000001011000101101001101 1
010110100100111011111010011111100111101011001 0
000001011111000100111011000011110010101110011 1
110011000111100110110010100111101100110101011 0
011100010110100011011101001100001101100111000 0
111100011010111100100000010000011101100000101 0
110010111111111100001100100001001100110001110 1
000000100100111010111011110010110100110100101 0
001100111001111011111101010011110000111001011 0
101010110000011101101000100111001100001000001 1
101000101001110111101100100100010110001101011 0
101000100001101111111110000011001100110111001 0
010100010010011011101011110010111001000000101 0
001100100110100001000011111000000001011000110 0
001011100011011000001110100010011100010111011 0
110011101001101110010000110001000001111010100 0
111111010110111111110001001101001110011010000 0
010110010011001000110111000000001000100101001 0
011111101101101110011111010000001100110000111 0
100111000011011000001111110001011000000001111 0
111110001111110111011001001010011100110101000 0
110110111010010001001111000101010011000000001 0
110110011110011001011101101110001111110001000 0
001100001101011111000100101011111001001010101 0
111111011100111101110010010111100110011001000 0
111001011001111111001011000101110010101100001 1
111110111010111001011110000100011100011110101 0
011010001001101010111110101010110001101000100 0
001110101010000110011111101001101111101000010 0
001011110011110010101110111001111011110111000 1
111010100101101010011001110000111011011001010 0
111101100101101011000011011001110111001011101 0
000010001100101100011010010011100101111001110 1
000011000110111011110000001101001010011000011 0
101001001111010010100101100101010100100011100 1
000100000110011101001110001100110100011000011 0
011000010010100110010001011000000100101000000 1
110110010001100100010111101100111100000010101 0
111101000000100111010000010011101111011111111 0
000000100111100101011000100011110010000101011 0
010001101001111001001101000001000010100101010 0
010011110100101001011010101111110101111111001 1
011110100001101011011110001000011100111011101 0
110101011010100111010101110110101111011100110 0
011001100110010111111100100011010111011001000 0
110001011110111101000010011111000011010101110 1
110110000011100101010000101100111100000011001 0
011011011101001010110100011010011010110110010 1
111101001010010101100010100100011101010111100 0
111011001011111000111001111111000101010111000 0
001011010111001111011101010100000000101100101 1
101010101111011100100011110011011010000010101 0
111001010100011000011111111011100000101011011 1
010011101010101000100000001110110101111001011 0
100000110110000100101011010001001000111110110 1
100000001011000100100001011101110010010110000 0
100000101110000010010001101101111011000011001 0
010001000101000111110010010011110110011001100 0
110101101111101011000011110010000010100111011 0
101101010100111101011100011101001110011000101 0
111110110100011110000100100001001110001001000 0
110000100000110111101110111010111111001000111 0
100001111000000010101101001100010010100000010 1
111010011000100110101001001010101011110010100 1
110011010001011001010100011111001000100100101 1
011101000011100001000000100011111001010011110 0
101111111101110001111101110000111010101011110 0
111000101010000011001011000011010110010111101 0
011011000110101111011001011110111101001010001 0
101011010011000101000000000101100001101010110 1
001101111010111011011000010100101011110111101 0
000001001011011110110000110011111111001100001 0
110000100010101011100100010010111111101010000 0
011111001010000111110011001101100011111110111 0
100010011110001101100010110001110111100010010 1
000101101111111111000001011101001110010101010 0
010101100101000111001011110111110100011011111 0
001010000100111000110001010010110001100100111 0

60 100
100111111111000101101100100001111001110001101100010100001001 1
100101001001010110000111110111001101001010111100000001110111 1
101001100110001111110011110101111101010001100011010010101111 1
100000010011111010001011110111001000001001000101001100010001 1
010110110011011111110011011010101010001000100101011000101011 1
011001100111111010011010011000111011000001110010111010011000 1
110101111010101011100110011011000011010111001100010011010111 0
111010000111110000010000010000101000100111111111000001010111 0
010011111101010111111010001110011100011101001000111110101010 1
001101110000101101100010111010010000111011000100010010001000 0
110110001001001101110100011010001011001101010100100110111011 1
110111110110100110010101000011111100001010001010111101001111 1
001101100111000010111110100011111001010001101111100011111110 1
011110100110111000010000111010011101011010000000001110101010 1
100101100111011011001111010101101111001110011111001110001110 1
001010010100100011110010111001001100111100000001111100111011 1
111000111111111101010110001010001001000110101011111100101000 1
110111110000101011100100001110101110100100101000111101010101 0
110101001101000001000101111110011101001110010111011011101110 1
011110110000010111100110101011111000110110100111111101111010 0
101101001110010011100001000011001101101001000001111000100001 0
100001101000010110011011011011101111001100111000001110111011 1
010101111111000000010000110101100111100011100100111111000010 1
001010100110010100010001000010101000110100101111010010110110 0
001101010110111001011010000100100010011010001101011010010010 0
011100101110111011100100110101010000010101110110000010000000 1
011010000000110010011011011110001001011010001110110001000110 0
001000011001111001111010001111111011011101110010100101101001 1
100100111010101111101001110011100010001101101011001101000101 1
110100100011010001010010010110011000100101000011010011001110 1
110000101000011000010111110001100000010111010110101110001110 1
000001111000010100000110000110110100011011000110101110010001 0
110110101110010110011000000000001010000101101110111111111110 1
100110110010111001000111011101101110011011010111011000001100 1
101011000101110101100000010110100001110100111101001000001010 1
000000110010111010010010111101001001011000011101000010001110 1
101010001100101100101111110010001100110101111001111001110111 1
101001011110011010110111011001001101001110011101010011110011 0
110010001011011110100111010101000101111011110001001011000010 0
101010100111101100001000000011101010100101011100100010110101 0
100010111010000110010001101101111110001101101110110000110000 1
000110100001010101101101010000000010110110011010100010011011 1
111011101011011001001011000010111010100000101001101010110001 0
101110010010111000101011111111101111110110001101000101110011 1
011100010000010111111111011001000101100101000001111100001111 1
101000100011011011010110100011101001010011000100001010100111 1
010011001000001001010100011100100101100000110010111100101011 1
111010110010100111010110001110001110101001011101000011101011 1
110001110111011110100111011100011010111000101011001000000110 0
100010101110111110011010000110010110100101111000101011011010 1
111001010111000000110001010100000100101110010101110110001010 1
101001111001100001111111110000110011110010000000100011100100 1
110101111110110101001010110100111111101010011101011110110100 1
110001100000010111101001111011101101100100001000111001010101 1
110111011111100101110111111110001010110111001101011000101010 1
111101001111010110101111011001010101001000101111101010011111 1
101000011011110101001111101010001101100011100010100011001100 1
000000110000100101101111110011011010011111101101011000101100 0
000110101010101101110111010001001010011110110100011011110010 0
010000111010000101110101100110011000011010010000110010100110 1
111111101101110000110101101011001010111001000000010110001100 1
110100011100101101111000001011100111110100110000000100111010 1
000111000110101111111110001111111100110101110011000111100011 0
010110001110100111101111011100001101101000111100100010111000 1
100001111011100001101011111011101100101000110010111010001101 1
111101000000110101010100110011010100100100011010111100011010 1
111110010111110000110100111111001110110011100100000010001110 1
111000000011110000000010010100011110110111100110110001000000 0
010110100001100010011010011111011010100100101100101000110001 0
010000101101000111010101011010111011011100100111011101000101 0
001010000000100010111010000101001100011011000001010110110100 0
111010001010010100110110000011000001010111101011000011100101 0
010010000101100111110111011010011101101101011100010001010111 0
101000110011101001011110100011010010011010000100011001011111 1
000011000101101010001000110001001100011001111110110000111110 1
101011000101011101010110000110110011101011110010010001000011 0
001000000011100010010010000111100000100101001001100101101111 1
111111001100001000100100011000111011111011010110011001000001 0
100111010001011000011010101100100110001001010110110011101010 1
100010111100110101011100010000010001111001100110011101000001 0
000101010001101111100110110101100110010100010001101010000010 1
000100110010110111011001001111110100101001010101011111100011 0
010110011000110000011000100110111100110110101001010111101011 1
101011001111001000011100101100111010110101011110001110100010 1
010010000111101111110010111111011000000011001111000001111010 1
110010011100110001011011110100111111000111100100001001100110 1
010011010101001001001000100000101000101111001101101010000010 1
011010001111010110001011010000011011011110010101111010000000 0
110111100010100010101110110100010001111111101000010110101101 1
000001110011111101110100011011011010101100110010101110101100 1
011001101001111101111001000100101001011101010011100000101111 1
000101100001010001001011010110110100110110100100001110011100 1
101101000110010101100010101010100010110110011011100111100101 1
111111000010011001001110110011101010100100101101001101110010 1
000000101101000101110011000010110010000110000011110011111110 1
110100101101100011101100111011000010000110110110000100110011 1
111101001100010100101001111110001101000010001011111010111100 1
111010110100101100010000011100011110001011100000101111111001 1
001011000010100000101010101100010110110111111111100001110000 1
011001111011000110110111001100011110101000100001010001111100 1

75 100
110000010001011011101011100110011111110101000001100001111011010101110100010 1
011001001101100001010101100001010110010000110110010000000001100101100100010 1
001111111111011100110000001000001010101001000111100101001101111011001001101 1
100010110010101010101001001110110111000001111011011111010111100110110101110 0
010111000000011111000010010101000001101101100001100001000000101101011100000 1
000000000101001011101000010010011111111011111010110010011010101011100001110 1
010001000000111101000111011101000001101100111101001100001111011111001101110 1
000110000000110001111011101001001000100110000010101010000110011001011100101 1
100100001000101100000111100110011001111010000100001000010001010111000011010 1
010010110111110101110001000001000001001110010000111001101101001100010101000 1
010000100110001011100101101101100001011001011110100101011101001101000101000 0
001011101001111011101001001100100011001101010011100100000001011000100010101 0
100010000111111010010000100110100101010001110001100100010011001011110100010 1
000110100100101001100100110001001000011011000110001111110110011011010111100 1
111101011100011010111000111001011111110010011110110010001110111010100101100 1
011000000000011001100010000110111001101111110111001001001011000110001110001 0
010110111011111011100100011010101111000100001101111110011101111110011001001 1
000111000000000111000001111110010001011010010001000010001111100101000011011 1
001100101001101011111010011110010010001101001101010011011110110011011100110 1
000110111111000011011100111100110101100111011011100010100010001000010001000 0
101001101111111011101101101000000000111010000101001011110010000101110001100 1
110010010101110010000100000110101010010000101001001101100111110011010000110 1
010101111001010001000100110101001001110010101001101011000010111001110101111 1
011111010010010101011101101010000111100101000010111100010101101111001001101 1
101010101100110110000110010110100000000111010001100101100001010110110110011 1
111001011110010111100011010011101011011110111100001000001011001110010101100 1
010100000001010110001100101011000010111111010001111000110011111110001101000 1
111000000011010101100101111011000110111110010000110010101001101000011110011 1
000011110100100001101000101001101100110110001001111011111011101000111100100 1
010100011000101100000011001000101101100100101111111101001101110010000011111 1
000111001101110011010011100011111100000000110111100100010111000010000100111 1
111001111101110011010000010100001101010000111111010110101010010110010010100 0
001101010010011011000001001111101010111000001000100100011100110010011011011 1
011001110101011100111110111001000101110110010100101011100010110001110101001 1
011001011101100001000111000100000010111001010010000011111110010011010010110 0
101101101010011011010011011110100000010100101100001000010101111011011101101 1
011011110111101000001101011101000101111110001111111001111101010100010101001 0
110001110001111100111110111011001001010011110000111001000101101011110011100 1
100011110000010101000101100110100000101101111001110100000011001000000010111 1
010001011011010111011001001110001001100101000111010100100010000100000010110 0
101000000111110110101101100111100000100111010101101011111100100100111010111 1
000100101000011001111111010101000000010010010100010001110100001011010111101 1
111000000111101100011110100100011111111100110011010111000010011101110011100 0
101011000000000001100011110000001000110111111110100111000101101001010101000 1
111100111001111001110011100000101010011111000101110101010010000010011110111 1
111001011010001000101100001011100110011110110001011100000101001010010101011 1
011100110110110010101000000101001101110100111010000001001101001101010110101 0
000011111010100010100110101011110011100001010011111100110011010010100101010 1
010101101110000101000010000101011001111011011001101100110000101000011110001 1
100000111110110001111111100110101111100001010111010101011110101010100010110 0
001100101000111011110111110001000110000101100101011100011011110111010000110 1
000111001001100110111010010111110001111111011000011110100111100100001111010 1
110101110110101010000100011110100100011100101100111101001100011011010100000 1
111100010010110110011110101001010110111111000001000101011110001010010101000 1
010110110010001001101000010101100101010001001001111011011111001001101001111 1
111000010111000101101001101010101010111100011101010100010101010101110000101 1
010111101101101100110011011000001001111110000110101000100110111011100111110 1
101100000111100111000110000111100110100111000011101111011011101111101100100 0
111001001100001110111000100110101000000110100111100001011000110000001010000 1
010000011110001010010100001010111110101010100001011101101100110001001101011 1
011000110000111000011111111011110010101100001100101010101100010001110000000 1
010010110110101100100111100100000001110111101011110101111100100111000111001 0
011100110101011010101011000000101001011001111110100001111110100110010100111 1
001011010001110110001001001110011110110110010001001011111000011100010001000 1
001111010000100001100001000100011100011111101101101101001010111001010101010 1
100010000110110101000101011110100010010101111101100100000111110111110000100 1
010001011011000011010100100100100000100011110111110101111011000000111110001 0
001010001100101000010100011010100001101001011010001011010011001011100000001 1
100100011110111110011001011011100100001101010100111010111010000010011011110 1
101100101100001001000110011100110010001111111010110001000110110111001110011 0
110111010110000011000100010011110101100101101100011101111110011100010100000 1
011000110101001000010000010110110000011101001110111011010000101101111001100 0
101110011010001011001110010001011100110011011100000011000101000111100101100 1
000100100110100000111001001111111000000011001011000101001110101000010111001 0
000110000110001010100101111001001010111100000100100010110010110101111001000 1
100110110111110110100111001100110001011010101000010000100000010010000101101 1
001101101110110001001001011101111001111110100100000111010011100100001010001 1
011010111010011111100100101111010001010110111110000001011100010010011000011 0
000011111000110001000001111111011100010110101101100100111001110100101110101 1
111000000110010111001011010000110100100111101010110101000101100110001010010 1
110101111001110000001101000001110101010000111110110000100011100011110110011 1
100100100101000110111000100101111111100000100111101011001011101100010010000 1
011000101011010111001000110110000100111010111010110001010001101101110000011 0
010000100011011100110011111101000101111110010110100101110000110001110000101 1
110110101010101110010101111101110101000101111011010001110010101011111100101 0
000111011111110110011101101111010111010001111100101011101110000011110010101 1
011001110101010100101001000011100001100110010100110110010010100000110111111 1
101101010010111110110100011100001011110101110101110100101000100001111111000 1
010001001110000010011000111010011010100011011000101001010011011110100111111 1
001111010011011010110100001111011100111110010111000001001010101010001110101 0
111111111001101111110111000010110001011101111010101110010111100110110000111 1
010000101100111010101110110100101100010100010101111001000111101000001010111 1
111000111011100011101101110100011011000110000100010110001011010111100111101 1
011010001001000110001111111001100001101011011000001000111000110101011110011 1
000000100000100101011100010101001000100100111111110000100110000000010010100 0
001110110000010000000000101111111000000000100100100100110010001110010000010 1
000010000000101101000000000001011010000100111001111011001000111010000011100 1
001110111011010001100100011101101011000010111110000111110100000001110111100 0
101101110010000000001010011101111000101100110011001101100010000100110101100 0
001101001111100000010011100010010100110000000000101100110110111110101001001 1

90 100
101001010001000101011000101001010110001100010101000111001111110110110100111101000101001110 0
100111110101010100110100000110000000111111010000011101101001001001011100011011101011000100 0
000010111011010100110011111110110111111010001011000000101110110101100000000111110100110100 1
111111101100100111101101110001000111001001011011001111001001101011101101001000100011011100 1
010010110000000100111100000110111011000010010001010100000011011110011010011111010010110111 1
110001010111100011111110101100111111110110100111100001010110101010101000011000110110010001 1
011110111111110010000111111101001100011100001000010001011111011111011101001100001011010101 1
001100101011111111111010111101100000010111001110001100010110101101100111011101101010111110 0
100010100111010010100010001010000111101000100001011100100001110101111011110110010100010001 1
010000111001010001000011010100001000011111010010100000111101001101100110001101101001010100 1
100000010000010000110010111010000100100010011011001100100101101111010011010010110001101111 1
001111010011100001010001111000100111011000110110010000111001011000001101111000000010001111 1
011101100110000100011010000111101011111100000001000101101011101000101011010110000010110111 1
000110100110011001001000001010011000010101111011100000110011110010000010001101001001110100 0
111111011010010000110011100000011100001101110111000001110010011011010010101100000000000001 1
001100011010101011101101001001100010001000010100010100101001000001011010011111110111101000 0
000000111110110001010001101100100101100111100101000111001011000010110101011110010001110011 1
010011010100010001000001000001100101110101000000100110010011101100111101001000010011110101 1
010010001111000100110011100000100101101010010011000001100000010011101011110111010000010010 1
000001101100011010010000001101101101001010011010010010000010100000100101110010111101101100 1
110110111001110011001111001110101011010110101100101000101000011010101110101001010110000100 1
110011101011101001100101101010001010000101011011111001101100101010010000110011100001001111 1
001100101100111110100101001100000010000010001100110100011101111110110111111001010011110010 0
101000010011101011011000111110001101000001110011010100111010110000100100101101000010100011 1
100100011001111000100010000001111111010111000011001000010111010001100010100101000000011101 1
000000001000010100010011110000100111011111100010011100010010011000101010110111011101000001 1
000111101011100101100011111110000111010111001001111011100010010101000000100110001000110101 1
101111100100100011010010000100010110100110110111111110101111110011001011000111000110010101 1
000001001100000010100010011001101111111001110111111011010111001010101110001010011110011100 1
000100000111111001100011100010110101101000111101011011101110101111010110101111010010100011 1
001101000001011001110010000000000110011001100101000001001101101100001111000010110100000111 1
001101100111011011110100011000111101001010111100011000101011000111001100101011110011001100 1
111100010101101100011100001101010101110000100011010100101001000010101100010011110001001101 1
001010101001001000100000100001001110001101011111011011000100000101001110011110011010110101 1
101001101110110001000001000111011111101010101101010010110100001000110110100111010011100101 1
101001000110100110001001111011100010010001010111111000111110001010111110101110000000001111 0
011100111001011000010010010001101011100010110010001000111110100000110101111100000111000111 1
101001011001000110111010110101000100000100000110111010001010010000000000101110111110100101 1
100100111111101001110001101110100111000111000110001000010111101010110101001000000011010001 1
101001010001101011110111010110000000101101010001110100011001101100010111110110011000011011 0
101000001110000011110001000101010000000111010001111011101110001001000011011011110011101111 0
111001001010110011100111101010100010110011100111000101011011011010011110001110000010111111 1
000101010100000110100101000110010000001001000111101110010011010000101001011000110101101100 0
011011001110011111100110100010011111101010001110011000011010110011101101111100111010101001 1
010001011100001111000110100100000010011100110001001000010000101110111001000001101111111001 1
010101110010000001101110000100111101000001001110000111001010001111011010100111110101001101 1
101011010110110001110100101011110111011010001001100110000110001010010101101110000101100011 1
011101100110001010000010100101001011111100010110110111001000000100011111110101110101000010 1
010001000111100110111100110111110110000111001101110100111100111111011000011101010000110010 1
100011110001100010101100111100010010111111001001011001001111010011000000100111010111011110 0
010011000000010101001010100011100101001011011101000111001011101111010001100011001010111110 1
000111000000111000100000111001001011101101000100110010000100001000110011111101010011110110 0
111011101100011111010010001010010111100000000101000011010011010010000000001011111110101100 1
000111111111011100011110000110011000111010111001001110110011010111100001010010110000011010 0
101010110110101100011001001010000000011110100110110100000101010010010101001010100110100111 0
110101100101001100010000010011101111001101001100101100101100100011100010010100110100100011 1
101100110101100110011000110111000100010000010001100010001011001011010000001000010001101011 0
111110010100100110110110100011100011101111101110101101111010111010100011100111110100001100 1
011111111011111101110100100000000011100000101111000011001101111110101101101011111011111000 1
001110000100010001110011101111111001001011001101010110010101110011111111011101010101100100 0
111110011000100000101111000100111100111111100100010100100110111000011000100110111011001011 1
100000001100100111111010110111001011011110100101110001010000100001101000010010000000001000 0
010111001101111010010000000000011000100100011111100100110111110010010000100001111010001100 1
011000001011100100001000001111110010011000110100100100101010100001011111100100010001101001 1
001000001100010010010010100101011111111001001100101110001011110010101110010101101010111000 1
110001011100110000100000111011011011110101100100010011000000111010111001111111110010100101 1
110001010110100011010011001111011011100010000010111110100011010110000001010111110001011000 1
101010011011100110001001001101011110011110010101111011111011111000000111000011000101111000 1
011101100101101100000000010110111001100110100000101111010001011111101101111111100001100100 1
101010100110001111111111011001011111111101001111000011110111010000111011111100011010100011 1
101101111010111001100001010011001101010100111001011011010000100110010110101011110011111111 1
111000001010001000111010100001110010001000011111101000101101000100110010111010101011101010 1
110100101100010111011110000001011011001000001011110101110010110011011111101101000011100101 1
000001100000010100000101000010110111001011011001110100100100111001101000011110001001111101 1
110110000110011101101011100010110101100111010110000011101011000000010011111100110111100001 1
111111111110101011000001010010111001000110100000100010111111000100000110100101101000011010 1
110101111001011000100100101100111000101001100100100110101011111011001101001010100111001101 1
010101101001001110100111011000111101010100000011011101010011000110110100100101110001100001 1
101100111101111100111101011010100010011101000011000100000111100011010011111010111101001000 0
111110101100010111001101000100011111101011100110010100100100100011101000110000011000110100 1
010001111000011110111001011101101001110110100011001101110000111011111000010011001110001001 1
000100101001000111011001001100000000010110011000011111011001001001010101111011010111010110 0
010011100010101011010011011010110111011010101010111010110001110100011010000111100100101101 1
010101110011010011001010010000110000111110010011111101100100101101010101000010101011100110 1
010100101101100101111111011001100100011101111111000111000001111111110001110001100101101100 1
011000101000101100100110001001001101001100110100110100010110011101101001010001110111110001 1
000100111011000001110011100100011001010101001100001000011001100001100100000011011101000100 0
010110000010101100000110010000010001000101111011111111110101100110110100000001110101011001 1
101110100110000001110101100011101000111110110010100110001100010100110001110111001000001111 0
111001000000111111011111010111001101011010011000111000000011101010001100111110101101100101 1
001001001101110101101010100101101001100010011000010111101001110010111110111101100111010110 0
101100111011100010000010011010000110101110001000101110110011011000010001001110000111110111 1
000100110010111110110101110110110110001000000111100110101100110101001100010001101110101001 1
110110011101100101011100011101010001000111111100011100001111010010000010101101100001001011 1
110010010101110000110000100001100000001011101101101001011110010110110010000101011111000011 1
010001010001000110011111011010111010111001101110110101000100101001010010111100100110011101 1
111011101000011100000011000110101000000100100100100100000001011111111001000010100110110110 1
011101110011001000010011000001100000111011111011011010110100011011010111001100100001011001 1
100001100111001111001001100010100100110100100001000100111100010010101111101111111101111011 1
010011001101011010101110001110011101001001101000100011011010010000110010001101111100000101 1

100 100
1011111000000110110010101100010111001101111100011011011101000011011100011111111110011101101110111001 0
0011101010100110111001111001100101111010010001011011110010100000111110111010101001110111110110101010 1
1110100000101011010100110011111000011111100011110100011001010110011100011010001001101001100101100011 1
1100000001000101010110111010101001001000100101100111001110101001001101111001111111011100000100000100 1
0111101010101011101100000011111101101000001000110010011100011111001100000100111000000110111010010110 1
1111011111111011111101111110100011011100001000111100001110100011110001011111000111111110101000101001 0
1100011001010111000001011110111000011111111110110110011110100010011011100011001010110001111100100101 1
0010000111101001100000100000111110011000100000011011001111100101101001011110111001101010011001011101 0
0000110111110110110101000011110100110101100111100000100000111001001011101100111111011011000000110010 1
0101000101110101110000000111011001100100011000111111110011110010101101100110101001010011100001000110 0
0100010100101111111111101101111101001011011100101011101011100001001101010100110111011111011011111100 0
0010110111000010111100110111011000010001101001010100101110110010111110010111010001011010001000011000 1
0010001010111110100001001100100110110110101000010010101011001010001111101001101100010111011100001110 1
0010111000101101011010011010110011001101001111001100001100101101101010110001011100100011001001111010 1
0000000011101000001100101010000100111110110011001111100001000110111001110101001100110100001010111010 0
1011011000001111010001111001001000100010110001101101010011101001010001010010000100000001111011001001 0
1101111111011001101000110111100010101000100010000100110101011010001101011000000011100101000010010111 1
0100100101110000101000010010001010000111000010000001000011011010000011110011011110010011000100000001 1
0000011000100111010011111111010010011101111011110111000101000000001111101000111110010010110000000101 1
1100100101011101110110111111011101101111010101100111100010011110000101100101011100010101100011010000 1
1100101110010110011111101011011011000111101110111000110011100001001011101010001101110100010100000001 0
1110000001000110110110010110111000000010110100111010011100111110110011000111110011111001101010000101 0
0101010100110011110011000110011001101111011010101101111100100000001110011111101100011101011011011101 0
0101000000100111010001000110001011011010000010101100010101101010110111100101101110101111001000011001 0
0110111011111010101000001010101110100011100011001101001111101110101100100101110000001110010101011111 0
1011101011111100010100001000110011001110000110011000110010111110011000000001000001010001110000101000 1
0100101001010000000110010100100110111011110011011011110100111100011110001100010111000100111011110001 1
1010101111100110010001010100001110100001110101110110010010011100010000011010101100101110011111111111 1
0101111000100100010010101010001000111101111000011010010011010010011101111011010000001100010011010000 0
1100010010010111000010101110110110110111000011011010000101111000001010110101100000100110110010010100 0
1110111010010110111001011000100001011010010011000100001000010010101000100101001101101101100101001101 1
0110011100001100011111100100001001000110110011010111001111110000100000011100000001101110001011000100 1
1110011001000101001100110000100011011111011011111000101101110111011110010101110001011001110101100001 1
0010011100101010011101100010010011110000001100100010101100001010100100110000100100100011011110000011 1
0101101000110110101001111100111001101000001010100000100110111010100000010111100010000010001000010000 1
0011010110101011001110110110111110011111101000011100011000111001010001110000101011010100011110011111 0
0000101000000010111100110111000111101000100101111011101110100111001011001011101010000111101100101000 0
0001011010000000101001001110110100101001011010010110011000001111100100001101100101001101111001011000 1
0000011111110101001110111111111001000110001011010101101110011111011101101001000011111000001010111101 1
0111000001000111011011001011100110010110010011110011101101011000000011111110101110100010111001100111 1
0011101010001101100111111001110011100111111001011001100000101000111100001101100001101001001001011111 0
1110101000011010011011010111001010000001010111110010101010110010100101000011100001001100010001011101 1
0110101101110110010000100111001010001111000111100101011011111000100000100010100000100001110000011111 1
1011011011010110111111110001110011100100001011000111110110001001111001011110000110001110110110011110 1
0111001101001000100110010000110101001110010000010100101001010000100010001001101111110010110110101000 1
0101101010001111000110100001010000011100100010010010000001010010011101111001000001001100001000010100 1
1000001000001101001010010000111011111011011001101000000000101000111000100000111011110100110111100100 1
1111110011000100001011100001101110000001101001001100110100010001011011110110010011000110100000101111 0
0000110001010010111111111011100010001101001010001110001011101100111001100001101001101000111101110010 0
0100101010111011001010100010111101110001010011111011101110101011001001100101010000110001011000100000 0
1111010011011101101010011111010101100111010110100000001101100111001000000001111110110110000010110110 1
1111010100010000111111101110010101100110101100011101011001000000011000100010011001111011110110011101 1
1110110000011100110100010011110100111111110100101111111100011101110010101010010001100010000110000101 0
1110110000001100000000011011110001100100001111111001000101000001011011111000100100000100000111010111 0
0001011011111111010100011000111100001100111010010000001001010100101001011110011010000101000011111011 1
1000100110110110011010101010010110000000011010111000010110011000000110110001010110101110111010000111 1
1011010001111011111101101001111010011011100100011101001101110011010101011001001101101001010010011001 0
0011011100001101000011001010110111000110110111011011111001110100000001110101000011101011100010010010 0
1001001011001100011111101111110010010101001100101011111001000001001011001111111111010110010011011101 0
0011101110011001110010001001100101111001000000101100001111001001110111011010010100000101000110001010 0
1111111101101111011011101110100101010110001110011110001110100110110101001110101010000111111001010011 0
1110010111101101100010011111100110111000110101011100101010110001010110111100001111100101100000100011 1
0000100011101111010111111111101101100101111000100101011000111011001001111011100110001100011100001001 1
1100110010100001101101001100101011100111100100001011101011101000010001010000010110000101011101101001 0
1011010100010110001110010011000101111101101010000010011011111011100010001100110011011100010111111110 1
0101011000011000101001110001001011100000001000010110010010110010000010110010001111100101001000001010 1
0010010110001101110111110001011110111000001101010001011011100011000001001111110100100001111110011011 1
1001110011011111111000111100101101011000101110001101010100110000000110100011001111010000011100100111 1
1001010011110100110100000000110110011111000110101000000001000010011001111101111111110110000101111011 0
1001100001111011001000111000110010101101100001100010001011000001101010100100111100100101011110000001 1
0100100001101000111001111101100100111011101101100000110000100010011110000111101111000010000000111000 1
1101000101110100111111101010110001111001111001010101101000110110011110101000111100010000010001110001 1
0100100011101011010000111000001101110101011011110101110110110000010000111111000000111100110000000000 1
0110001011110001010100100000001100101010101101100101111110000110101000010110101111000010010001101001 1
0100010111100101101111000101100110100111100100010110010000110100010001110110011010011001010110111110 1
0010000000010100101000110000110111010010001111100000011111100101001000010101110110100011100110010100 1
0010010100000100110010100110110100101110110000011010000011001111111000001001000111111100101010101010 1
0101000000011110110011010111101101001000001100111111110101010000100100101011100011100110101101111101 1
1110001101110100010111010111010011011001111001010100011100010111010010111010111001010101000011100100 1
1110000111101111110110111010110001001100010111100110001100111111010100011000010011011101100011001011 1
0101010000010101011011001000001010011011001011010111000100110110111011101000001011001011010100111011 1
1010110100111110111000100011000001011101100010011111101100100100110000110110111000100010000001110110 0
1010100111111111111011010100010011011000110001100000101000001101000000011010000000000000001111000000 1
0000110100100000001010101001000110101111100100101000000001101110100111000010111011001001110111100011 0
1001010101100100001111001011000100110100000010010010110011110010001010110111001000011101010011101000 1
0110110111111000101100011111101011000011110010101011010000100001100111000011101001110111101101101110 0
0011000100101011000101110010100101011101100001100000111010001011000111101101010010111010110011111010 1
1000101101011100110000000011000100111011010101010001101100001011101010111101000110001111110001010111 1
1000101011100101010100000010101001001100010000101010010010000101001011000100100101101110111011110011 0
1011101001100001010111100010010111001101001100001000110000001000000100100011001001001101101011010000 0
0101000001001100001110100110110110010010001111110001011000011000111111011100011011100000011011000000 1
1010100111010110010001000101101000010010111100101110010000111011111110101011000011010001010100111001 1
0011010110111100101101101011010011100110001111100010000101000000010011011100100101100100001011011010 1
1010110010100000100111001010100001100100000000001010010101111110000000000001101000000010101010011001 1
1011110011010000010101111010011110101100100100101111011110011110001111000010001110111010010101101000 0
0010000011100001010000101110110111110011101111110100111000001010011010100001011001110011011110111010 1
0010110101100010001010101000011000111101011000000011001111011101110000101001000001111000000110001001 1
0111111111100011110100010001000001110011101110100110111111010010101110001000010001010001100101111100 1
1010010100101011010110111001101100111001011010111010001001101010101001010110001100010111101000010101 0
0001111110101111000101001000001001110011101010110010111111111001110101011010000101100011101001110000 1

100 100
1111000101000001100000000001100011001011110100010111111111001010010110101111100011100010110011010111 0
0101100100001001100010101110001001111100000100111110000111110010101101101111100001001111000000010100 1
1010000000011010100101101111111101101100011110110101001010100010110100101011100100000001010001010001 0
1100111110101001001000010101010100110011101000110010011101000001010001010110101100111100000100000010 0
1100000001001100100101111010110000000000001101111111100001010010000100101011100001010010000001111100 1
1010001000000100100101100011011000000101111101011000100101111011111101000111010001011011100001110011 1
1101011001011101011001111001111100001101100000000110001101100010011001110000000011011010100001010110 0
0010011011110000101101010111000001100000111111110100000011011001011011000100111101110111111001000101 1
1110111100100001010101111110001101110101101101100101010110010100010100000111001001101000001011100111 1
1100010100100110110100111110000110101111101110111101010100000010000111011000001010111010010010010000 0
0100111101100000100001101010011100111011100000000100001100111101110001111110100110010101100010101101 0
1101000000110011100100001000011100010111110111000010011111110111110101010000000000001111010101011001 0
1101101001000101010111111001110000100101001011000010111011100101001011111101001100111011101110010101 1
1000011000001101010001000101110100101011011111010001001010111101110001100101001111011110101101011001 0
1100111000110001111100100111100010110010000000111000000111001000111110110110011110100111011111001110 0
1000110000001001111001101010110011110110111111001101001100010001110100001111011100110000101111000101 0
0101011111110010111100001100111101001110011010101001101010001110010110111000011111101001001011000011 0
1111100011100011001101011010010100010011001000111101000011010000001010111011110000101100001111111100 0
1100101001010001101110000011000111101001100110000011001001101010111011110001011110010000110010001100 0
0110000111010100101111011101100101101010111101100011110100000010110011000101111100011000000001110111 0
1011000111111111111011000010101100001000110001100001101000001111110010101100010010100001101010111110 0
0011011111010011100110111001100001100111010100010000011110010111001111000110111110111101110101001011 0
0111000111011110101000011101010001101111110001001101110001100111101001110011111101010100011010100100 0
0100011100101100110000100101011001011101001110101101101111010111110010110101111000110011111010100101 1
1000011111110010100110001000011111011100111110010000000100101010011111100011010010010000010100101010 1
0010010110101001110011011011111100101111001111000000011110010100000111010101111111110100111101101101 0
0010101010100111110000111111100001011110110101010100110001101101001110101001101011000010100000000101 0
1011001011001000111010000001000001100001100110101001001011111011111110110101110110001100001001110111 1
0011010111111100101101110111000010111110101010100000111100101100111010000001010010101000110001000101 0
1101001101100111110000110111111000100000010001101101110101100001001001000011001101011011101000110010 1
0100010001001011101101100000000011010101001000110000100100001000110000100001000001101111010100111111 1
0000010011100111011010010111101101010011100111100001101110000101000001000011101011101011011111011000 0
0010111001101111000101011011010010001101111001101101001100001100100001110111001101100000001111100100 1
0111001010011111111100101101001010110010001010101110100100000101010011011110110100110100100100001000 0
1010110001000001010111101111100001111101001001110100010101011001011101001100011101100110011011110000 1
0011010101110111011101101001111110101111010001110000010101010101111001100100011000101111010011000111 0
0100010101100101010000110110000101100110011001010010001111101111001011100000101100010100010001111110 0
0000101101001110111011000111111101010100000111000101011000010110111101110101100110111000101110101010 1
0110111010111110111100011101000110111010001010001110101011110101110011000001000011001100010000000001 0
1101111111011000011111011010010100001011100100111000000101110101111110000011010010011011000001110001 0
0110101001111100010000010010001111101000101111110110101100000110010011011100011000110010111100111011 0
1000000110111000101010100010101001001010001011000111101101111010110010010011110101101011110111110111 0
0000011111000010100001010111001011010000100100100101000010000101010011001110100100001110110101100101 1
1100001000001110001100111111101011011101000111111000011001101001010100101110000000010110000001100100 1
1110010110100000100110001001001110101011001111101100000100011100100101000111001101001010101011011101 0
0001111010000001100110100001010010110011011111001000011011010010001000101110010010011100001100100010 0
0111010010100110100111100100010101000000000111101111101111000010011001001010000101011101101110011111 1
0000100010000100111000100011110110000001000110111011001100011010011111000011000101001111001100011100 1
0001101101101011111100000111110100010011101000101011111100110110111010101011001011100111100111111110 0
0100000010100111100100101010110100100110000001111100110111100111001000001101010000000011100101000000 0
1010000100110110001101101101100001000110101000001011101011011011101110001101011111001001100101001010 0
1111101000110100010011111101010001110000011011111110001110101101010010010111100011010011001111010001 0
0010001001011111011000100101100101101011110100011011011100010000101000101111110010001111110110000101 0
1100010100100110001101001010001111110100010001001011110011011100001011111101100001011010110000000110 1
0111110011001011100100100011111101000101001101001011001000111000110100000011111010110011100001000010 1
0010101011110010101110100101101100110011100100110101111111001011000101011101110100110011011110100110 0
1100101001110010100110011010111100110110001010000111100001000010001011011010001110000101001100100100 0
1111101110011000010001101100000101011100000100101101111011010000101111111101111011101000001001011100 0
0011001011101111111101111000110111011110101010100110000010001110010011000101010001010011111000111110 0
1001001001011110001011010111010000100000110001010111111110111111100000011000001000111000010001100100 0
0011011001000101001101001000000000101010110010111001001101100010001110101000011100100011001000001100 0
1011110011010011101001001111110001011010101000101001101011100010111011001101011111000111000101100101 0
1110000101111111011110100101011100100000110101010101011011110001011011110101000110011010101001101010 0
0101111110111011010010101110000010110101111000101000011010010000011001001101101001101000001101111011 0
1100011000001011111100001111001001001001001100011110010101101001111011011100001110111111000000111100 1
0101101111100010110110110111111111001001111110111000000011100111010010101000011010000001101010111111 1
0100111101001000111101001100110100001110010101110101001111000001001010011001100010110010010010110011 0
1000111101000111011111001001100100111001000001100001001100000010000000101111001011010100100111011010 1
1010101001111011000000100110010100010110000001101110100111101011010000110111001010011000100000101000 0
1100011011111001110111110110110101100001111001110000111100011001101001101001000000011001000011101101 0
0110000001001111100010101110001000001101000111100101111010110010010100100101010000110011000101110001 1
1110101001011111100101010110101100110001000101011001100011010100111001100110011101010011100110110110 1
0001101010010010101111110011110110001110111110111000111011100110010101111100111000011011111101100011 0
1000111000000000111001110100110010001110110010011010101101010010010001001000101001011011110011010011 0
1110111111000110011111011010100111100001101111100111000000010000110110110000100111111111111011001000 1
1111011010111001000110100111100011011110101110010001111111001010010101110101100110000111001100001011 0
1110101000110111000011101111111000011111100111001001011110101001001110101110110001100011101001011100 0
1001110110100110001100110011110001110101010001011001011000111111011001001001110010010110101010001100 1
0010111010100001100110010011110111000100110110000011100101110110010101100110100100010010000011010100 1
1000001010010011111111000101011111010111000001110000000011110011111100000010101011011011100101110011 0
1110011111001100011011010110000001001110110000001001100101100100100000011010100001111101110100111111 0
1010111111101000011110001111100001010110100010010011011000110100100101111010010011000100010000110110 0
0110001001111111111011110001101001001101100011110010001011000100010101011000111001001100101101100101 0
0011000010000000001110111110101010110110010010001110101011111010000111111100000101111101010111011000 0
1001011010011000010110000110001100001100111110111001001011011111111011100011010010110010111000100001 0
1100100000111010111010011010100000010111100101111010011001011011000111001011100011011011110011001010 0
1111010111011101110011001001101011100111010000111000101001111111001010101001011011001101000011111010 0
0010001011101011001001110000110011000101010011100000000000101101101101000000010000000001111011101011 1
1000000000000011000010100110010110110110110011101100110100001010011001000000010100011011011110111110 0
1001001101101011100011101010110010011101010101110101011101110100001110001011001011100110010000000011 1
0110110100110111001101000000010011000110101111001111111101100101001111111101011100010100010000010100 0
1100110001101000100001101010011101010000010111001010100001100010110100101110011000010000010011101111 1
0101000010010110110011110101010000000000001001010100011011110100100101101101001011010111001011001101 0
1110110101111011011000010001011001010100011100001001000010011111000011010100010111111110010111111100 1
0110010101010100010011100000000101101111010100101100011101101111101010101111100110110000110110000000 0
1000111110000100000101001011010110101111111101001001100011010011001110011101000100110101001000100010 0
0111100001000011001011010000100111100100011110010010111011001100011001100011000001010011100110111001 1
1101101101100000001000100010000111001111101110110010100101111000111000111100111100110100011110101001 0
0101100111110011011110111100011001101110001000101010001101101001111000000100110110110100000100101001 0
1110100001100011110101100101010111101110000111001011001001101110100001000111001100000010100001010110 0

100 100
0001011001110000110100111011110110010000111111000011000101110100011011000100000000100111000101100001 0
0010110111111111010111010110111110000011111000001011110100101011111101010100000100001110110011101111 1
0000100100110110000110011110011010000001110101111101100101100111110100011001100111011001110001110110 1
1110000100011001000000001100110000100100101110010010111011000100111101101010010111101010110100010100 1
0101010000101100110110011011111110111110110000110101010111011100111100111101111101000110011111101011 1
1010110101000111001000011110010111110100000111010100101010111101000010000010011001011111100111011010 0
0100010000001011110010111100101111011011010011100110101101111011010110001001011000011101100001100010 1
0001000010110101110011010001011011101000011011000001101001100000100000000101001111001100010111101101 0
1011110001110110100110011110001000100000111000010010011010010011011011000100000001010111011010101000 0
1111010000101111101100110110100111011001011101111001001010000111001101010000110010010101100011101010 1
1011010110100101000000000101011110110101101111001100100110111011100111001110100010000000011010100111 1
0111110010001101101011011110011101010011101011100101000110101111011000110011100110111110100011011111 0
1000011011110001011100011010101011010010111111011011010111000101110110101000000101000001001011100101 1
1100001001110110111110111010011111011110001010000101110000001010111100100001000010001011011011010001 1
0111100100000000011111100110111001111111011010011000111110100100010111010011000101010101110100000011 1
1001010010111100001001100110101001100100001110100100011010000111001100100011011101101010010111010100 1
1101011000100111101011101101001001100001101110000100010100011111001111001110011001001101100001100011 1
0111100111110011111001101001100111001010111010100000010100010000100010001100100100100110011011001100 0
1010110110000000100111010010100001001010010111111000101011001011011100100011110011001000101010111101 1
1101111001010100100011001111010000100000010000010111011000111110000010011011000111010011000001001000 0
0010111110001110111111110111110001010101111101110001101110010010011001000110001000010101100111110011 0
0110101100000010110010000110011000010110010011100100100100001101001000101100110100101011011111011111 0
1010000110001000011010101110100011111101001101100001011110101100111011111000110011110101111010001100 0
0010010000011100001001011110011110100100100110101001100011100010000010100111101011100111001100100111 0
1001110000111011001000101011101001110010001111111010010111111011110110010101010010001010001101110111 1
1100001100110111111111100010101111101011001010101101011010001110000111111000011001100001001111011010 0
0001000011000100111010111101011011111101001001010110011101001000100110000100010101100001101000100111 1
1111000010111000001000010110000111111110110010000100001000100101010000011010000010111001111101100100 0
1110111011000101000111011111100011100001110100000011000111001010001001010011011001101110011000000100 0
1011000000001100010101101101111011101001011101110101111000011110010011110100011101010101100010101100 0
0110011100000000101100110011011010111001001001101011001010110011000101011010100111011100011001101100 1
0010000010101110111110111011111000000001011111100011100000111011010110010001101100110100111101000010 1
1011000101001101101010111000010111011001110000110001111011000010001100101101101101010100000111111000 1
0101001100011101001111001110110010111011010101111000000111101000001100110100011001001110001101111100 1
1111110111111010101100111001101100011000001100110001010000110000011110010100001001111111100001000011 1
0110110111100111000001000000011010000011101010100000100100110011101100000000010110100010001011101011 0
0111111011101011001111100101110000101000111010100011101111010111101001110011001000001110101110000100 0
0110100101010011101001011010000010110101000001101100001111111010001010100101001011010101000101000101 0
1010101000011001100000100100111011001101100100000101111110101100010101001010010000101110110001000010 1
1101111111111110011101100100111101011100011101100010000010111001100010011000110100100100111011111110 0
1010010101001101011100101010100001000111011100001011001000011111000111011101100001010110010101011000 1
0011110100100110100100000011110111011001111111101111010011101110111001111000110101000001000111101101 0
0101001111010100100100001000111101101000000010110101111011100011001111010011000011100011001000101100 0
0010000010001011000001100011111010010011110011001001011000111010001000010001101000101001111010110001 0
1001000100110011001110010101100000101011000000110001000111011010010110110111100110111100001001010001 1
0101110010000101000111110100111001110100100110111100011100101101011101111100011100111000010100111001 0
1100000001101011111111111000001111101101000001111010101000000110000110110111000101111111111100100101 1
0110001010011111000100100011010001000001000101000100110111010110000001101011100110101010100011011101 0
0111111111001000010110100001101110011100000100100001010010000111100110101011010010011001001011101010 1
0101101111001010011011000111101010100001101000100001100111011011001011101011001001001011100001101100 0
0110101101000000001101100101000011001011111110110000100110110111001100010101101101101110101111011101 1
0000001100110011000111100101100110111001110101000011001001010001110010100010100101000010111111000001 0
1001011111100100110101000100110010111001111011001111001110101110101111001100010100100011011100101010 0
0101011001001101100010110111101110011101101011001000000111000001001101011110010001001010000000101011 0
1100010011010111111111110111100110111010101111000101010001101110101100110101000010101100000111111000 1
0111000000000100000000101010010100010010100110101101101000111100101100010010100000110101110100100010 1
0101011111111010111101001101101111010100011000011101000110000100101100101101101111010001100100110100 1
1010110001110010010100100010111010101111001000111101111100110001010001101000011001111101100100111111 0
0011101110100111000100101010100111001011011000100110001100111100110011110000110110010101110011000001 0
0000001101111100001111000000111110110010001111111001001010101010001110110101000001101010000101110101 1
1100001100111010001101011001100010000011000101100010001101011011001000100110100110110100001000100000 0
0000110000110100000001000100101101101101000010110110100110110001001111011000011001011000001000100011 1
0111110101100101100101011111011000101111111101100110011011110010000100011001111101010111000011110110 1
1110110111010001010001110000110111101110101100001111000001110101100011001100100111011101011001011011 0
1111111001111010110101100100111110000100001100011001110110101010110101111001100000011010001110000010 1
1010001101011001011000111111001101001101100001100100111010110100001101011111011001110001110101001111 0
0001100111110000100000101111000001111100001001110110110101010010110000010111100110111101100100101101 0
0100001100000111110011111010001010010010010011100101011110110111101100101000110000111001100110100010 1
0001000010011100011110000100110110100101100011110001011001000011001011111011100111010100000010110100 0
0110101011100110011001011000100101111000010010111001100101111111001111010011001001101010101010011100 0
0010100111110111101001011000110111000001110100010011100001100111110110001010001101011011101101110100 1
1000000100001010001011110000100001101111111010000001110100110000111000100001011011001011100100011110 0
1001001010100101110000001000110000001110101111001011111011001101101010110001110011100101011101010001 0
0101110000111001100011111011010001110010001011100001101000101001100101100001001000110000010110000010 1
0010111110110010110100101101000001010100111000011100110010010011110101110110101110101110111010101111 1
0111001101011100011000011110000111011110011111010110111000111100000111100111011100100100111001101101 1
0110000101001101010001011110011010111101001100101101010100011110000110011111101010011011010000000010 1
1110101000110111101011011000110011000100110001101000001101111110110100100100010100100111010100111100 1
0000100011111110011001001101101101101100010001000110011001111000110010011010010001110011100001010011 0
0110000000000110101000101111001000000000101100111101110001100010010100110000110000111111110111100110 1
1011110010010111100010111010100000111110110111001101110111101101111110100101001011110101011101000111 1
0000001000001111010001100000110100100000010101010010111111001001011001000101000111100001000100001101 0
0001100000111000101101001001100100000001010010000110110010100001001111010011110111001000101101001110 0
0100010110001000101000101010101001000011011001010110101000100000100111111011000011011110100000010111 1
0011000000001111001011011011101000100011011000110011111010110010000101011111100101110010001010010001 1
0001110011010101111110100100101111000111010000111001011001110011011000001011100010111101011010111100 0
1001010101011101000111111101001101011101000100001110011000100011100010111101011101100100110111011010 0
1110001010111111001111011100111000010111010100100011010100100000111101100100110111110101001001010011 1
1011111101000110101100100100111011100011101110000110001001010001111101011110011000101001110110000110 1
0011100111001100111000110110000100000010110100111111100111000010010100111100101111001111011000101111 1
1011111110001001100011011100110001110000100011101100010100011001111101110011111000011001001001110010 1
0010011100100011001100111001110101100000011110000111100000010000110010000111011010100111010011000000 0
1101010000110001010000011010000110011101111111010010111010000011001111100011101100110001001111011110 1
0000010111001111111100011100010110110101001011100000101010101111000001101101001001110001011000101101 0
0010101100100000101111111000001001011101001001011110000010010011100011111011011110010011000000110011 0
1010001000010001000001001011000101100010111111011111011110010000011000011100011000101111110011010110 0
1110000111111011100110101100110010110101110001111100010110100001010011100100000110110111001001101100 0
0101001001100010001010011100000100001111101111111010010100000010111010100111000101000010011000110011 0
0010100100100100111110110000011010110100110100010101100100011110001010111100001010100100101011011001 0
0101001011001111011111100001000010111100000101000101010010010011110000001011011001011010010001110110 0
