10

96 100
100000000000000000000000000000000000000000000000000000000000000000000000000000000000000000000000 1
010000000000000000000000000000000000000000000000000000000000000000000000000000000000000000000000 0
001000000000000000000000000000000000000000000000000000000000000000000000000000000000000000000000 1
000100000000000000000000000000000000000000000000000000000000000000000000000000000000000000000000 0
000010000000000000000000000000000000000000000000000000000000000000000000000000000000000000000000 0
000001000000000000000000000000000000000000000000000000000000000000000000000000000000000000000000 1
000000100000000000000000000000000000000000000000000000000000000000000000000000000000000000000000 1
000000010000000000000000000000000000000000000000000000000000000000000000000000000000000000000000 1
000000001000000000000000000000000000000000000000000000000000000000000000000000000000000000000000 0
000000000100000000000000000000000000000000000000000000000000000000000000000000000000000000000000 1
000000000010000000000000000000000000000000000000000000000000000000000000000000000000000000000000 0
000000000001000000000000000000000000000000000000000000000000000000000000000000000000000000000000 1
000000000000100000000000000000000000000000000000000000000000000000000000000000000000000000000000 0
000000000000010000000000000000000000000000000000000000000000000000000000000000000000000000000000 1
000000000000001000000000000000000000000000000000000000000000000000000000000000000000000000000000 1
000000000000000100000000000000000000000000000000000000000000000000000000000000000000000000000000 0
000000000000000010000000000000000000000000000000000000000000000000000000000000000000000000000000 1
000000000000000001000000000000000000000000000000000000000000000000000000000000000000000000000000 0
000000000000000000100000000000000000000000000000000000000000000000000000000000000000000000000000 0
000000000000000000010000000000000000000000000000000000000000000000000000000000000000000000000000 0
000000000000000000001000000000000000000000000000000000000000000000000000000000000000000000000000 0
000000000000000000000100000000000000000000000000000000000000000000000000000000000000000000000000 1
000000000000000000000010000000000000000000000000000000000000000000000000000000000000000000000000 1
000000000000000000000001000000000000000000000000000000000000000000000000000000000000000000000000 0
000000000000000000000000100000000000000000000000000000000000000000000000000000000000000000000000 1
000000000000000000000000010000000000000000000000000000000000000000000000000000000000000000000000 1
000000000000000000000000001000000000000000000000000000000000000000000000000000000000000000000000 0
000000000000000000000000000100000000000000000000000000000000000000000000000000000000000000000000 1
000000000000000000000000000010000000000000000000000000000000000000000000000000000000000000000000 0
000000000000000000000000000001000000000000000000000000000000000000000000000000000000000000000000 1
000000000000000000000000000000100000000000000000000000000000000000000000000000000000000000000000 1
000000000000000000000000000000010000000000000000000000000000000000000000000000000000000000000000 0
000000000000000000000000000000001000000000000000000000000000000000000000000000000000000000000000 1
000000000000000000000000000000000100000000000000000000000000000000000000000000000000000000000000 0
000000000000000000000000000000000010000000000000000000000000000000000000000000000000000000000000 0
000000000000000000000000000000000001000000000000000000000000000000000000000000000000000000000000 0
000000000000000000000000000000000000100000000000000000000000000000000000000000000000000000000000 1
000000000000000000000000000000000000010000000000000000000000000000000000000000000000000000000000 1
000000000000000000000000000000000000001000000000000000000000000000000000000000000000000000000000 1
000000000000000000000000000000000000000100000000000000000000000000000000000000000000000000000000 1
000000000000000000000000000000000000000010000000000000000000000000000000000000000000000000000000 1
000000000000000000000000000000000000000001000000000000000000000000000000000000000000000000000000 1
000000000000000000000000000000000000000000100000000000000000000000000000000000000000000000000000 0
000000000000000000000000000000000000000000010000000000000000000000000000000000000000000000000000 1
000000000000000000000000000000000000000000001000000000000000000000000000000000000000000000000000 1
000000000000000000000000000000000000000000000100000000000000000000000000000000000000000000000000 1
000000000000000000000000000000000000000000000010000000000000000000000000000000000000000000000000 1
000000000000000000000000000000000000000000000001000000000000000000000000000000000000000000000000 0
000000000000000000000000000000000000000000000000100000000000000000000000000000000000000000000000 1
000000000000000000000000000000000000000000000000010000000000000000000000000000000000000000000000 0
000000000000000000000000000000000000000000000000001000000000000000000000000000000000000000000000 0
000000000000000000000000000000000000000000000000000100000000000000000000000000000000000000000000 1
000000000000000000000000000000000000000000000000000010000000000000000000000000000000000000000000 1
000000000000000000000000000000000000000000000000000001000000000000000000000000000000000000000000 1
000000000000000000000000000000000000000000000000000000100000000000000000000000000000000000000000 0
000000000000000000000000000000000000000000000000000000010000000000000000000000000000000000000000 0
000000000000000000000000000000000000000000000000000000001000000000000000000000000000000000000000 0
000000000000000000000000000000000000000000000000000000000100000000000000000000000000000000000000 0
000000000000000000000000000000000000000000000000000000000010000000000000000000000000000000000000 1
000000000000000000000000000000000000000000000000000000000001000000000000000000000000000000000000 1
000000000000000000000000000000000000000000000000000000000000100000000000000000000000000000000000 1
000000000000000000000000000000000000000000000000000000000000010000000000000000000000000000000000 0
000000000000000000000000000000000000000000000000000000000000001000000000000000000000000000000000 1
000000000000000000000000000000000000000000000000000000000000000100000000000000000000000000000000 1
000000000000000000000000000000000000000000000000000000000000000010000000000000000000000000000000 0
000000000000000000000000000000000000000000000000000000000000000001000000000000000000000000000000 1
000000000000000000000000000000000000000000000000000000000000000000100000000000000000000000000000 1
000000000000000000000000000000000000000000000000000000000000000000010000000000000000000000000000 1
000000000000000000000000000000000000000000000000000000000000000000001000000000000000000000000000 1
000000000000000000000000000000000000000000000000000000000000000000000100000000000000000000000000 0
000000000000000000000000000000000000000000000000000000000000000000000010000000000000000000000000 1
000000000000000000000000000000000000000000000000000000000000000000000001000000000000000000000000 0
000000000000000000000000000000000000000000000000000000000000000000000000100000000000000000000000 0
000000000000000000000000000000000000000000000000000000000000000000000000010000000000000000000000 1
000000000000000000000000000000000000000000000000000000000000000000000000001000000000000000000000 1
000000000000000000000000000000000000000000000000000000000000000000000000000100000000000000000000 1
000000000000000000000000000000000000000000000000000000000000000000000000000010000000000000000000 1
000000000000000000000000000000000000000000000000000000000000000000000000000001000000000000000000 0
000000000000000000000000000000000000000000000000000000000000000000000000000000100000000000000000 1
000000000000000000000000000000000000000000000000000000000000000000000000000000010000000000000000 0
000000000000000000000000000000000000000000000000000000000000000000000000000000001000000000000000 0
000000000000000000000000000000000000000000000000000000000000000000000000000000000100000000000000 1
000000000000000000000000000000000000000000000000000000000000000000000000000000000010000000000000 0
000000000000000000000000000000000000000000000000000000000000000000000000000000000001000000000000 1
000000000000000000000000000000000000000000000000000000000000000000000000000000000000100000000000 1
000000000000000000000000000000000000000000000000000000000000000000000000000000000000010000000000 0
000000000000000000000000000000000000000000000000000000000000000000000000000000000000001000000000 1
000000000000000000000000000000000000000000000000000000000000000000000000000000000000000100000000 1
000000000000000000000000000000000000000000000000000000000000000000000000000000000000000010000000 0
000000000000000000000000000000000000000000000000000000000000000000000000000000000000000001000000 1
000000000000000000000000000000000000000000000000000000000000000000000000000000000000000000100000 0
000000000000000000000000000000000000000000000000000000000000000000000000000000000000000000010000 1
000000000000000000000000000000000000000000000000000000000000000000000000000000000000000000001000 1
000000000000000000000000000000000000000000000000000000000000000000000000000000000000000000000100 1
000000000000000000000000000000000000000000000000000000000000000000000000000000000000000000000010 0
000000000000000000000000000000000000000000000000000000000000000000000000000000000000000000000001 0
000000000000000000000000000000000000000000000000000000000000000000000000000000000000000000001100 0
000000000000000000000000000000000000000000000000000000000000000000000000000000000000000000001101 1
000000000000000000000000000000000000000000000000000000000000000000000000000000000000000000001110 1
000000000000000000000000000000000000000000000000000000000000000000000000000000000000000000001111 0

15 100
111101000001101 0
100011101101101 0
111101101001010 0
100010001000011 0
001000110101001 0
011011011011000 1
111100001111100 1
010100011001001 0
000001010001001 0
110100010001110 0
011001001010110 1
000010111100111 0
001011010111011 1
011101010111000 1
000110011100101 0
100110001111101 1
011111111110101 1
010011010100101 1
101100011111100 1
101011101000010 0
010010101010010 1
011111101101100 1
111010110010011 1
101011000011100 1
111010110110000 1
101011110011011 1
100001010111000 1
001110011101101 0
010100010100101 0
000011100011001 1
101001101100110 0
000111101011110 1
110111000000000 1
101010010001100 0
001101100100000 0
011010110111011 0
101100001001100 0
101000100010100 1
010010001000001 0
011011011111110 0
000111001000011 0
011000111101001 0
110000000001110 0
010011010001110 1
000110110101001 0
011111010001101 1
111010111001000 0
100010011000110 0
010111001100100 1
001011101000110 0
001000011010100 1
011101101000110 0
101100110011011 1
100110100011110 1
100101001100111 1
111111111000010 0
101111111110000 1
111100011111000 1
010011101001001 0
100011100110111 1
111000010010000 1
101011010111000 1
101001111011111 1
000110111001111 0
100100010011101 1
011010100001110 0
101100110001001 0
100100100101001 0
001100000000011 0
111110110100110 1
001001111110000 1
010111111100100 1
011100001101000 0
101000010011000 1
110000011011011 1
011011111000001 0
010010100000011 0
000001111010000 1
100000100100010 0
101110110011111 1
101100101111010 1
011100000111010 1
110111100010000 1
111110011110011 1
000110100000000 0
101001011111011 0
111010000101111 1
101101010000110 0
110011000111000 1
000010100001111 0
001011010100111 0
110001001101011 1
100000101010100 1
000011010000010 0
010011011110010 1
110100001001100 0
101100011101101 0
111101111101000 0
100100010011101 1
010001101111110 1

30 100
101101000110110101001101000000 1
110011100010100001110011001000 0
111101001111001100010010011011 1
000111010111110010011001010000 0
000111110001010000111110001001 1
010011101001011011111101110111 1
011001100101110000111000111100 1
010011011111101111000101010100 1
000111110001111000101010000000 0
100001111111100100011001101110 0
001000111010110101110010111001 1
000000101010100001010000101101 0
110110111101010111111111011100 1
111001100000110011101010011111 1
001010010010110100001011001110 1
110000011001010110011010111010 0
010011000101101011010101010000 1
111100000111011000111010010011 1
000010010101110101010010000111 0
000010000111000101001011111001 1
010000000111101100101110000011 1
100000000000101000111100110001 1
111111010010111001111011001000 1
011101111111100100011110111101 1
001100111000110010111001110011 1
110110011011000000110111000001 1
110001010110110110100010100101 0
100011001111011000110100000000 1
001010000011001011101100110110 1
110101001000001110010100110001 1
000101110110010110100100011000 1
000101111001001110110001010010 0
100101000000101011110111101001 1
111010011101000000010101100101 1
000011110011011011001000110011 0
110011101110101101000011101111 0
100111010100010111111100000101 1
110010000111101010001110010111 1
000010000111010100100010010001 1
111111010101010110010010100101 1
110101111011001111100010111000 0
110010101010011001111101000001 1
101001101101011000111110111010 1
100100011010001001110011000000 0
101011000011010000010001011011 1
001010011100110010011010100111 1
110100011111010000011110010111 1
010011010100110000010100100111 1
100101111011011010000010110001 0
100101010100111101111101111111 1
011110001101000100011011100011 1
001110111000000100000011101111 1
111111000100100111111100001100 1
100011111001101010101011011011 0
111100001000001000001011110101 1
111111110010001001001100010111 1
100001111111110010011111101000 1
111110001010101111010101110110 1
010101110101110001011000110000 0
000101011000110111010010100101 0
011110111110000010000011111010 1
110010000110010000011000101110 1
111100100110100111100100001101 1
110010000110000111011111101000 1
111111111001001111100000101001 1
110001010011100011000000001000 0
111110100001101111111011010010 1
000010100101000011110101101110 1
000010110111110111100001001101 1
010001101011011100000100111010 1
111110011110101000100000111101 1
101001110001100100001011101110 1
010111001010111001100110101011 1
101010001010101000111001100111 1
101111011001010010101110110010 1
000110111010000000100010111001 0
011101110110110111001011000001 1
000010100011111000001001001011 1
110100010001111101101000011100 0
100100111000111111000000111010 0
101001100101110011011111011001 1
111111111010111100010101110101 1
101100011010001101111011111011 1
011111110000001101110101111100 1
110011000000000101011011110010 1
010100100100100001111110000010 1
011101001111010001110000000100 1
000101100010010011000010111011 0
110011100110100011001010101100 0
101010110110010010011101000001 1
010000101011100110001101111110 1
110101100111011011011100011000 1
011110010001001010001101011001 1
001101011001000110110101110111 1
101100110111111001001101011111 1
011110000101110101101000011100 1
111001111010100100001101100101 1
100010101110110000001110111010 1
101111011101001000101010101101 1
110011000111011011110010111110 0

45 100
100110100111010010100100001111100111100001100 0
000010100111000010000100100110111100111000110 1
110110100000010101001010111100011010000100111 0
100100001101011011110100111000100110110100000 0
101011001100000010011001011110110010100010010 0
110111111011100111001011000101110111000001110 1
111111011111101001010100100011000011110000110 1
110010000010001101001100001000010111110111111 0
000100000101001000011000011100100101101011111 0
001001101101001010000110010101001000110001101 1
100110101111101110010000100001111100111000100 1
111110100111011100010101001001010000010111010 0
100101111011111100100100111010000010100001001 0
111001001011100101110001011111000101011010110 0
101000100001110101111000100011001111101001111 0
001100000100101000101111011010111001001111101 0
100100011111010001101011001111100110111000100 0
110001110110001110101111001110111111010001000 0
011010101011001010101010110000000001011100100 1
001010111000010110110010110000000001010111100 0
011001100111111101101001010100101111001011000 0
110100000101000010001101110010001111101010110 1
101000110101100011100110010011001001001011000 0
001101010010001001100100011111110010111010000 0
101011000001100111100111011011101010111101011 0
001011000000111000101110010010100000100001010 0
110100001100100100000000001100110110110101101 0
111110110000110111100000010100100011011011000 0
011010010011111101101110011101100101110110001 0
101111000000110010001010001000110001000000010 0
011101000000110101110110111100100010110110111 0
100101110101011110111111100101110100011011110 0
101111000110010100110110011100011100011000101 0
101110011010111110001110010001001110011111000 0
101101010010100000110111111011001110001101111 0
111000000111010010101101110001101001001010101 0
100110111000001011111011000010010000111001001 1
100011100000100101011001101001100101001001110 0
110011111001100110100000001110101000101101001 0
010000100101000111011111000000111011001100000 1
011101110010010011111011001000011101010000001 0
110001111111010011001111011001110011110001000 0
011111000100000001000111101000001110110111111 0
111001111011011001110101100010011111101010111 0
011101111001111110001010111100001011100010001 0
110111010000110101000111110010101010100100100 0
010100111010010000100010010000000010011110001 0
000000000001101110111100110110110100100110001 1
010011101011010000010100101001101100000000101 0
101100110010111101010010010000100010010111100 0
010011010000000000000011000110100101001101101 1
101000001111100100110100010100010010011100010 0
010100110011001110110011100101100011010010110 1
001000001011001110011110111101001111011110110 0
010011001010011111000000101011010001001100101 0
010001001011010100100000110111110110000000101 0
011000000010011100010000100111010011011011000 0
110011001011001100000101011111110110110011011 0
111110100101001110111100101000111110100111111 0
000001111110010010001011101010111111100011011 0
100100001111011100000110110101011001000111001 0
111011000010000001101101110000111110010100100 1
101001110001001101010110100110001101010010000 1
110011101101111111000111111111010011000110001 0
101101100010111010010010000010100011001010001 0
010010011110111111011111000001000011011000010 0
111010100100100001010011110111100011101111110 1
110001001010000100001110101010010110000101001 0
011010011000101010000000000100001001000100100 1
101101100100110110110011011001011011101101110 0
110101001100000000101101011011000000000110110 0
110111001000101010010010001010010101011111100 0
111110100100010011001100011010001110100111010 0
011100010100001001110000001100101111111101111 0
011110110110010000011101001110000111110001010 0
111110111011110010010101101010100011000100001 0
100101110000001011011001010000110000101101001 1
111110010100100101101111010110101011010110101 1
101011110111110101100000011101011111010001010 0
000110011000111010000101101000110100001101110 0
001101111000100111110110101010100010001101110 0
001110111001101111000000010111111100101101010 0
101001011011000101011101011000011101100011110 0
110011001111111110000011000011010010110011100 0
011100101001001000001011100010101011001010110 1
011001001111100110011000101110000100000110000 0
111100100110010010000001100101110010000110111 0
110100000110101010111101010001101111111101001 1
101110110011110000111001011111000101010011000 0
010001111011000101101100101100101001100101001 0
000110000000011001100000110011011010011001000 0
100111111100111010111011111011011000111000011 0
100011110001100001111100110110010011101111000 0
010001100011000001000011100000001100000001101 1
011111010100110110101111111011110000101110101 0
100111000111010001000010000010100111001010001 0
001001010010011101111101000100010011110011000 0
010101011100010011110011011111110110010010011 0
010000001000111001010001000001101001010110100 0
000100100110110110011110101011011011001010010 0

60 100
000001110001000111011010100001101010101000110000111010000100 0
001100110111110110101100110001001111110000111100100110101001 0
111001100100111001011000101001010111001011010110101000110000 0
101010100001110100110000010010000101111110101111101111010001 1
001000111111101011111000100100000000000111001000111000110111 1
111110010011111011000010000011100110111110000101010011111110 1
010001011000001011010011100010011001100000110011110011100001 0
001101001000011010110111000000001111011110111011100111001000 0
100010111111100010100110010000011010000011101110100001001001 1
000111011011101000111111111010100111011110001011000110001001 0
011000000101100001111000011111011111010000100101000100001110 1
001111110111111101011001101011101010100011100001100110001000 0
110000010010000000101110010110100000011011011100110011010000 0
110111110001101111110111000000010101011001111001110001101010 0
011000001101001101001001010111100101101010010110010100100111 0
011000110110111100110000010001000110101011000111010010010000 1
101010010010110100001000101101101001000101110110111001010000 0
110100001011101100111001000000000110110010000110100010010011 1
111100101100100011001010011110000110100001011011101000111001 0
101111101001101000110111100110000111001001111001110101000011 0
011000110011100010100110100101010111110111011110110100010000 0
001011100101000010011101101111110111010000110010011101010101 0
100111010011000101100011100111001010001000110101011111001000 0
101010010111110000111000100000101000011100001000011111111111 0
001100111001001001000110001110011001010110000000100011011101 1
100001000010100100010011010100000101001011001011010000101110 1
100010111010100001111011011100100101010110110110011111010100 0
000010011001010001110001110101001010110010100100111100111111 1
010111000011001000111001011110111110011010110100111010001110 0
100011010111110000011011011100011010100111010010111011110011 0
110010000011010011101010100011100101101110111110101010000001 0
111111000101110001110011001000001110101111010010100101001010 0
010101011101000001000010001100101111111001100100110110110010 0
000101111011110100011001000001010000011110011000101010110000 0
101110111001100010001000001001010011000110000001111010010110 1
111110011010010000011110111100110101101000001011110001100011 1
110101011100100111000101011100011001101101111100110101000110 0
011101110000111010101111001111110110000000010011001100000110 0
011100100110011011111001000101100010111100001101010011101111 0
100101010111111000111011101000010000100011100010001000111001 1
000000011010101110010111000100000000010111010101100100000111 0
111010011010011000110100110001110011001100001101110010001101 0
011100000101101010111110011101111001001101011101110111110001 0
010110000110110000101110001110011001001010101111101000101010 1
011011111000011100010010001110110011101001100010001000101000 1
011001011100010010010110100000010010111001000101100110110111 1
000001011111100110101110101011111111010111101110100001111011 0
100010101110100010110110100011100011001101011011000101110111 0
111110011001100011110100101110001110001100010011111101111001 0
101001101011010111000101110001111111001110011000111001110100 0
011001101110110110111010101011001001110001101110101110100000 1
010110001000010101101110101001000011001100101110010001011111 1
110111111010000000001001110000111111100001010110110011100100 0
110111001001010001010011101111011000100000101001100011101101 1
000100110110001101100101111001111101100111010110000010100110 0
001000110011111100000011100111101101111110011101101110101110 0
000110100011000111011100010101100001010011011001100110110000 0
101101100111010010110101111111011101010001110111100110000101 0
100011010011100111001110110110100101000101011000110001011010 0
100110101111111011100100100001011010000111100011101011001000 1
101000110100110111111011011100110101110000010011000101001001 0
010000101100001000100001101001101011001001001100010010111111 0
010111111011011111111010011101100101010110111010001101110100 0
010000101101110111110100001010011010100010111001110101001100 0
101110100101000100010110011101100011001011111011011000101011 0
101100000100101000000110101000111111110010000100001010000100 1
001110000001101101000101100100100011110100011101001011001011 0
001110000010111001100011110011010101011010001101011010001010 1
110100001101101010101101101100101110000111011011011101010000 0
000010010011110110011111010011101100100101100110111000100011 0
101011011000110011000110000001111111000000000001101110111111 1
111000100101001001111000110011100000101111010110000110000001 0
111001011101110100110101001001101001100100011000011111010010 0
100000111101000110111000011010000110100000101110111110111110 1
100011000010100001010100101011001100010011000000001000010001 1
101010001000011011010100101101010011011100101000000010010101 1
110110011001011101101101100010101110101101001011101101011010 0
001000010000110011100010111011101001001101100001100101101100 1
010110101011101000100110110001000110100001001100110111000000 1
100010010011111011000001001001100101100000111010101101101011 0
001011111011000100010100011100000001110111011111110101100010 0
010010010001001110101111011110101001000010010100110010111000 0
000101001010011100111110100000100110001000011001010101001001 0
011110110011000100001011111010101010100111011011011101110000 0
010001011000010111100010100010011011100001100101011011111110 1
110011001000110100101011100111100101101011001101110111011000 0
110110001100010100111101000100111100100011000110101110010001 0
010101001001111100111100100100000100000101000110011100110101 1
011001001110000011010100101010111011001110110110111100000101 0
111010110011100101110101101101010101011000010000001010100010 0
110110111011010001101000000101100111100100001111001100110100 0
010010000011001010110101110100101000001010110111110000111101 0
111010110001011100001101110100010011001001010101101111010100 0
101100101011110100011100011001010110001100011101110001110010 0
001010010100111000111001110110110011101111010110110010001010 0
000001011111010101100101101010110101000011110101001111010011 0
000110000001011001101011000001100111011001000100001000100100 0
011010010110110100010111101010011100001011000001000111001100 1
111101101101001001111100001111110101011000100011000100000101 1
010100010110101000100100101111010101100101011111100110000111 0

75 100
101111100000100000110100111010001000110110101111101011010111000100111100111 0
000010111010010110100111001110000001011110011000000011101011011011110001100 1
000100100110011110011110110001011100110100111001010101101001110000010110101 0
010111011101000011001100111100111100001100100100010100110100111000000000011 0
001000010101110101100110110011111001100111100101011000111110100010000010100 0
010101001111010101100100111100001011000111010100011001000111111101001010001 0
010111010110001101011111000000001010111110111101000101001011110011101000111 0
001101111010001110111101011001101010101101101000011100001001111010010000111 0
011010101101000111001000000111010111111001010001111010000010111101010100101 0
100011000000011000000100100110100101001000111011111100110111101111110010001 0
111100011010001101010001011011010100100011111011011011010100001111101110000 0
001100010011001001110011000010010101010011111101011100000001010001100101000 0
110110000000000001010100101001100111110110111011100111011111001000111110000 0
101001111010101000000001010011001011101000011011010000101001111010000110111 0
011010010010111000001001110110111011010111110010011101111100111111000010001 0
010110010101011011000100101100011100101111001100000110110101110000010001101 0
010000010001111000000011011101111111100100010010011110011011100010100100000 0
001011100100001001000000010111111000110011011111000000011101010110010011110 0
100000000001011110110011010111101101111011111100101100000011101001110010011 0
100110110110101011101111100101111101110111101011101110010000011100011000011 0
110010100001001101001001011011100111001001110000100111010111011100001001110 1
100011000101100001010000101110110010110111001011011011011100011010000111011 0
100001101000100001101011001100010110010111111111101000100010101111010011100 0
001110110101010000011111100010100011000101000000101011101110000000010000100 0
101111101011110110011010000110110000010111000101101000000010011111111100011 0
101011101001011010101111001010100000100000001111101011111100110001011001001 0
010101000100110101001101001111010100000000011000000111011100011001000100111 0
111110111011011010000100111110001011000111010010010110100001001000100101000 0
100111100111101001100110000111001010100010110010111100001000100101111010001 0
001000110011101111101000100100101001000000110001110010100110100000100010001 0
011100111101111101110000001100001001010010101000011011000010011111000101110 0
100101001101100001111001011000010000100001111110101001110011010111101011101 0
000011011100001100111010011101001110011101001110011110111011010101000100101 0
010011011000011111101000000110011001000100101100011101101110110100000010001 0
011010110101000110100100101111011110011000100011000010001100001100001101100 0
101100101100010010110010101101111001011011010001010111110000111010101000100 0
100101111110110111010010010010000011010101111100001010110111001001100010101 1
011011000011001101111000001000101011111010100011100100101001011010111011001 0
010101111000110010111000101000111001101001010110101000100001000100110010101 0
010001101111000100100111010000001001100111011000010011110010011001111101110 0
011000001100100001101001011100110010100010110111001001101011110110100111000 0
011111110000110101110101110110101110000010101111010000100111101011101100111 0
100001110100101111001111101111001110001011011101101000110001110101101010111 0
111000100111111010000111010101010010000011101010110111010000010011110111100 0
001010011111101100101110111001000101000110000010010000011011101111111110110 1
111100000001101001110000101110110000100100111011100101111000111100110101110 0
010100001110001010000011000111001011011101001110110011111110110010111110010 0
101110111011100111010011100101011101010111000011111110110100101001100011101 0
100100011000001011111011011101001011011011011110100001000110010111100001100 0
101111111011000101101111111101111110000011110000100011100011010101000001100 0
101011000010000101011111110010100001111111111111010100101100111111000011111 0
000111101111100111001011011000100111000101110101010111110010000011011011100 0
111110111000000000000101000000011101110010110110110101111111011111001010000 0
011001101010101101000100011111100001111110110101001011000010100000100011000 0
010110010000001011011101100001110100011011011101000111101110001111110011011 0
101001101011100110000011011010111011101000001010100101000100011110011011011 0
101111101001100101011010111101011110000110100110011111110100000101101100110 0
001000000111101001011100010111111111111101001100101010011000101011000101001 0
001011110101100100101001001100000101000010001001011110010010011011111101001 0
101000111111110011110000000100010010001000110111001111111101100101110010001 0
011011100011001110000111110100101001111001101111111111100100011111001001101 0
010100111001001100011100000110011111101001101111111111111110011100110010111 0
100010101010111111101111010011101001001101100111001101000101001000100010100 0
110010010110101111011001000100110101000010100011100000111101110110110111100 1
001111010001111010101110010100101100000000100001111011110100101011111101111 0
100011010101110110011100010010100111110101110101111001011110100101010000111 0
000111011000111100110111111011111101010010001011000011111010101101000001111 0
010011010001100101011111010101110111010110000110011110010000111110010001010 0
101101110111101011110011000101111111000011111011100101101100011100000000111 0
100010011101111111001100100110000001100000111100000110110000010011101001000 0
010011100101000001000111111001100101010110010010110011101001011011011000011 0
010011010100001100011011111110010011110000010101010111000011010011100100111 1
000101100000001110111011000001001010100100101010001100001001101100110100110 0
011011001011111010100110100110101001101010100111101100110011001110000011000 0
011101001011010010111110011101101001001111010010111000000100110000101110001 0
001010100001001010010100010010100000000100000101100011010010010110100110110 0
000111010100101110100010001110110011111101111110100101111001010011000100010 1
101001010011111000100000110110110010010011110010001011101110111010010011100 0
000010111101001010011001000001001000100010010110111001100000110010100111110 0
000011111110110101101111000101001000110101110100110010110000100100100110000 0
010000101100100011001101110100100010001111101100011001110000001000100011101 0
010001101010110100000010011101101111001110100110000000111000010101000111101 0
100100001010100100010111100011111001001101101011010011101010101000110001101 0
000100101001100011111100001101001001011101111110011001000110010100000000111 0
101110110011010010110110110111100011000011110000011000000111001000101110101 0
101100001111100001111100001011000100001110000000111110110001101111010101100 1
110100111100100000110111100010001100111000010110100111100111110100111011000 0
111101101111100010000010101001010111101010100011010001011000101000111010001 0
000101111111011011011000101000100111010001101010111111111111101110011011000 0
101100011100011101000000011110100010011000001010110010011110100011010010000 0
101110110011110001000011011111101100110111110111011010001110001111110100111 0
110011001001010010100011111101010001101001100111001011100010111111101010000 0
001000101011010011000110101100100100100001110111010011001011000010000001110 0
101101100010011111111011010101110100011000001110011110111111000011110010010 1
100111000011100011010100001001111100001000111010101110110101010101001100111 0
011001000010000101001101011000010110010010000011111001110010111101100010010 0
001111001110100011100010111111101010100110110111101110100111001101101010001 0
000111000010001001111011110011111000100101110010100011000001100000010000011 0
010001000100111001011010000101000100010001000100011111101111011001000101011 1
001010000100011100001111000101001100001011010100101000000010110000101000100 0

90 100
000001100000100000101111111110110110000011001001001110001000011000100101000100000111100000 1
011011110111111110110100000100101110001010011100111001010000011100110010011111100001100100 1
011101011001000111010001001111110010111100000101000010111000101000000010010000111110011111 1
110101101111101110001011000101011001111010100101101001101111010100010101111001110110001110 1
001100010111110110010100111100000100101111000111100111110100101111111000111100110100011001 1
110001110000111110000100011000111100011011110001001111111101110110110001010010000110101011 1
111000110111100000001111010010101101110100000000100011101100100010101011011001111111101011 1
110100101110110111001010111100110110101010001010000101110001010001111010010000000110001101 0
000100011000010010110000001100110000001101101010000100101101110010010010101000110100110000 1
000011011000001011101001011000000101000110111010110010111101101111010111100011000010001011 1
001110010101001111101011011010010110111001101111011110111000000111100000100010111000011011 1
010101011011110100111101010010011100001000110100110010111010011101111011100101110101110111 1
111110000111000101011011111001000111110101101111001100011000100111000001011101101011000000 1
100011001100110011110101001000010010100010101100001011110010010111101110100011011110000001 0
111000110000101110101011011111000100111111001110100001110100000011000000100110100001110000 1
000011110110010100101100000000010111000010001110100011001001010000100010010101100001111010 1
010010010000000100100111001011110101100001001111100111011110010000100000100011100111001110 1
010000000000100101001001000010010000000000010000101101011010010010010010011111101010111010 1
011001111101010101000100011111010110001101000010111101010101100110010100100101011101000000 1
100010001001100001010100100001011001101000110101100100111011111001111110101101010100101001 1
101100111001111010100000100001011110101000011110100000001001101110100000001110111111011101 0
111001101011010011100111101000000000101100001100000011100000100101101011011000000101001001 1
111000001010100110110001100101000000000011000011000010100111001101100001111110000101101011 1
010111011000011101000111011000101110101001100001001010111000010110100100011101001100011101 1
010000100000101000001101111110001001011000110010110000001111111101000010001000011000000111 1
001100011001001001001001001110010111010110010110110010110001001000101110111110001000111111 0
100100101011000110111011100011101101111010111110100001110101110010001110000101111100111111 1
010000001010000101010010110001000100111110110100000001110110000111100011100110010001110000 1
001110110111011011001000111111001110101100000101001100001111011100111001101110010111111100 0
001101000001111001001010101000000110110111110010100001111001001000111101010011101111101001 0
111110001010000100001111010101110000010011010100100000101111000111110111100111101101100111 1
001110000101001110010011111011111000000010100011100100011000111011011011101100110100110110 1
011000010001100100001101111001100000101111001010010110100000011001110001001101100101011011 1
111011101100101100001000010011000001111011001111000100100101101100111010011110110100110110 0
010110011100101011100000011101000000001111101010000010010100101101101001011100001000101101 1
100001011010001000001001110011001000001110110011011100011000000100101010001111010110110000 0
000101110100011100111001001001101110001001000010000100100010000110100000010011111110100001 1
011011111010000010111001000001011110001000001010001011111110111010010111111000101000001110 1
010000001110111110011101100010001000110001010111111001111100100101110110010111000111000100 1
100011101000110001011000001001000001001101111111000000001101101110010100100011101001000100 1
110000010111011010010011011010101101000001101010111110011011001100000000101000011100111111 1
111011010000101001000000110001010010111111011110110110010010100101111110011000010011010010 1
001100111000011000010001110100000100011110111101101111001011000010011010001111100011101000 0
100100011001010100010001000010001011010111010110111100000001011111000110001010000010010010 1
111110111001000011111101111101101110101011110001111001111001101010001110101101010110101000 1
001011110000110011110000110110110001110011010011000011000001011011100001110110010111000000 1
110101101111001111110001001011000010001110010001100101111010010000100010001000110010101001 1
001101000000001001111100001110011101100100100000001110100111111001010000011001001111111000 1
110010010010011011010101110110011111110111110111010001010000111000111100111100101111011111 1
000100011011110010101110101011101110111011100111101010110010110101100000100111110011100110 1
011110011101001011101100001011100111101011111110001101101001101110100011101010011101001000 1
000110011000111100001100001011111100110010111000000100101100011001010000111011000010110000 1
011010101101010111111001111111100001010110010001000100110001011010011010010000100110001011 1
101111110101011011010110110101110011100100000101101100111110101100011101111101110000001110 1
001101010101010010110110111010010111010100001101110101111000001110011001110000110100110010 1
001110101111001101011010100110110001011010110000111110100110101100011110000000111000110101 1
111001010001001001111001110001011101000000100010001101011001000110011011010011011100111011 0
111000011010000011011011100100011100101010110100101000111101100100111000111101110010100000 1
111010101001110000010010110111010011011110001001001010101101000001100111111000000111100010 1
001011011111000000011100000110011000101010111011000110000010111011001110001101011100100011 1
011001010101100011100001111101100100001011110011101001100010110100000100101100011111001111 1
000000001101000100101011100011111111011110010011001010100101111010010101100001100001011111 1
001010000001101101011010111000000000010011101000101010001101101000001000110100111000000000 1
101111110000110011110110010010110001101101110000111110111111100110100000110110101010001010 1
011001100100000110100110000010101001110100000010100101101101011111100100100001010000100110 1
111100000100000011001011011101100010011001000011111100001010100001000100100101011101011110 1
001000100000101000011000011101101011101101001101111111110100010001111100000010111000111100 0
110111001111011011101001111101010000000101001100010110111001100110111001101011010010001001 0
110000011010111000001111110111100101100100101100100011110101011101000010000010011010111100 0
111000000011111110101111001111100000000101011100110001000111001001111101101011011011110101 0
001100011111010011000010010111001110011101010011001001000001001110111110011000000101011011 1
111110001111110011011110000001011000010100101100001010011001000101100100110000010110011101 1
000101011110100101011101101000000111010001011011111101001101011000101100001110101010100110 0
110010100100111100001001101010111111101111110100101001011100111100011110001111101011111001 0
000101110000010101111100111110010100010010001010001101110101111001001000100010010100011000 0
011010011110010000111011111111110011100011010111100010001110010011101110011001101000000110 1
111101010101110001101101110000001111000110010010000100011000000111101111010011011001011011 0
010101001010000001010000011000001001000101100100001001010111101001000010101111110100001101 1
111011001011100110010110010111110011111011001010001010110101010001110101000101111111100111 1
101101101001001100010111111010101101011111011100001000110011111001100111000010011111000011 1
000000100000100111110001011000101001010000010101010011100000000100101101110100001101011011 1
110110011101011110111010001011000010011001100011010011001000111110100100011110001101001001 1
101100000100011100101000111111111101101101100111101010101010101111000010110001111010000111 1
001111001011101100011110110100110001101001101010001010000010001010000111001010010111010001 1
000110110001110101111011001000110101111111100110000011111000011101010101110111010011100000 1
111010000010100011011000111011001000011110100100011011010110110011000111101011010110001110 1
011010110001000010000100101011101100111001101000000010100010000110110010100000000011101100 1
011100010000110110100011110011000110100100101111111110001100000000010010100000111010010100 1
010010100111001101010100100101110111001001101111000111101011100100000100001110010101000101 1
101001001100001111010111111011001101001001000111010000011111001110000100100110011100101011 1
011101001100000110010110011000001100000111101011010001000010011001001010110110011000100101 0
100101100101111001011011101001111000110010101001001100010111000001000001111011011101100001 1
001000001100010011001110111110000101011100101100111000011101001001100110100001110010010110 1
111111111000100101011000000010001010101001010110010000000001011011001000111100000000000101 1
100111110110100000010010101000010001100011000010111101011111111101011011101100010110011100 1
110011011000101110100010101001110110111011010101111111101010101001010110011001100111010111 1
111110100010001110010100110111000110100000000011000111110101001000010110101100100110001111 1
110010011101000001111001110001001000101000100001110000011010010100110110101101011001100001 1
000100111001110010111110010111101010001100111100111000011001111110101011001101010100001111 1
011100001100101100100001000010001011000110100111101011111111101000000011000011110011100110 1

100 100
0010111110011010101011000101101110101110101001001100000001011100100010000000100011111101000011001100 0
0010011000111000001001111100101000000000011101101010101100110111101100101011000111101111111100010010 1
0011111010100111110001000110010101010111101101010010010001011001100010100100001010011010011111001000 0
0011011111011111011100010001101100010101000111010000001101011100001011111100111111011101101001000101 1
1110111001111100101010000000000110101110001110110111111110110001011100101110111100011100101101001011 0
1010101010000111001010011001111011011110100110110011010110010011100010010101111110000111100100110111 0
1010111000001000101101100001101100111101100000010011101110000110010100110100101000111000010000101101 0
1010011101110101101000101110101010011001100010100011001111111010000100110111000011111110001111011011 1
0011001000111100010000110100010001100100100010111110111100101001111100010001010001000110110110000000 1
0000010110100110111000101101111111110001011110100000110001100011110110011100010000011010100101010001 1
0101101111111010111111101010000010111100011010001110001000000000111001010111011100010110110110101000 0
0110000111111010111011010011110100100110101011100010111010101101111010001100010101110010100000010111 1
1111111110111010011001001001111100001110001101100010011111011101101010110011101010010101110000100100 0
1100011101010111100010110101100110101010011000110001011001111000010001000100110110101001100001000100 1
0011010010111101010000010011100101110110101000101101100000110110001110111011011001101001011010010001 1
1010000110100110110100000100011100101010001000011001001101101011111010010100000110111001001100011110 1
0011001001100110100111001110101101001001101111101001101110100110000101011100010010110000010100100010 0
1101101001010110111000101101100010100101000111101011001011101010000110001010101010110011110011011001 0
0100000010110110010110001011000110111100010001010001111011111001000110010010101000111110011110010111 0
1111000010110001001100001100011101011110100110011101001111100011100011100101100000100011101001101100 1
1000010110110110010000011000100011110100111101000000010110101110001110101000100101000011000111101110 1
0000000011001001110111101110011001000011011101110110000110111011010001100010100111101010011110111111 1
0100111111100110010100101010010000111010100011010110100000001011001000000101000111101000000101011110 0
1010001010001001101100001110010111010101101001011110010101101110110100010100100011010000000111101111 1
1111100100011011011010000011011100010000101000111110111100101011000100111111110100111011101001001011 0
1100011100100110011000010000001111111011101110111110111100100111000101010101001110100110100111001011 1
0101111101010011110011101110100110011000111110111110100001011001000000011111100011001011110000101101 0
0111000000110010101010011101101010111011001100110101101011111010101000111001011101011101110001111010 0
0101111000111010001000011101000010100110100001111011010100101100001010000010101000111101011110110011 0
1100011000111001001010111010100001000010001100000101111110101111011010110010011011001110101000101111 1
0000101111011000000010010111000000001110111011110101101110010110100011100010001011100001001010110110 0
0011111111000101101110111000101001100011100110000011001101101101011011001010000101000110000110111000 0
0000000001000001100111110011010001001100000000010001111000101111011001011011010011010110101010001100 0
0100000000110001100111111110111100100100100000100010101010001011000010010011001100111010101000001000 0
0111001110111100011001001011000111001110001110101001011111101110010101100001011100001010100011010101 1
1100100110110100011111010011001000010001011101110100001000111111110111000111100110100001100011100111 0
1111000101001001110110001001101010100110110001110000000001111010110101011011110010010010101010101110 1
1100111011111010011000101100101011000001110101100000001111001110111111111101111111001111011110100011 0
0010001110100101011000110110000111111010001111010010001010101110101000100011101100101110100011001011 1
0010101110101010110100011111001000001110110011101111110001100100100010101110100011100111101110110010 0
0010111111000101010011011111011100111010110100000111010101001111100001011001110101000000100000110001 0
0001100001011011010111110000010110000000101010111101010100101111011010100001111011111001001011110000 0
1011100011110100111101110000001100110100011101100010100110010110100110101010100111000001000011001011 0
1101001000110010000010101101010100100000001101101000011101100100110110110000100100101001110100111100 0
1101011010001010011111110000000110111011011100101100011001001001110010111001100010111011000100011100 1
1100101101000111111110111100101011001101101101010101010100110001101101010000111101000011000000101011 0
1001000111001001011001100111001101111100100010010110100110010111000110101110011000011010010111011010 1
0110010100110100001100010000110100101110101111011110111110101101111110100000101010000011000110011100 1
1111110110011011111110010101110001111100001101010101100100011001110010010000101111000010011011101010 0
1111110111001001100000111101000011100011110110001001010011111111011111000010100001110111001000101010 0
0100001001110000110100111000111101001110101101111001000001010110110001011011100001011011110101110001 1
0010100010000111000100001101111000010011101110000111111011001101110110100001101111000111110000111101 0
1110111000111000111011000110101101110010010110001101101110101111000000011000000000110001001111011110 0
1100100000001101110101010111010000010010110000001011101110001001000000011000000101111011011101001011 0
1100100100111011101110100110001011001011000111001110100101000101000111010011011111001001000010111100 0
0110000010100100110110000111110101011011001011111100010001100011110101001110101010011111011111000010 1
1101000000100111000101011111000010110110100111100110001110010011000011100101111101101010011111011111 1
0100101010001011111010101010000001011100101010100111101010011111000110111010110101010101100011111001 0
0010111000010011001001001111001001000000010111010110110010110011111011000011010010001100111110010111 0
1110010010110111110010110010111100111111100111101100111001010100111100010011001111111011110101010101 1
0001101110111001111010000110000000100010001101110011010111111111111011001110001001110101010100111010 0
1010010000110001010101100011010101000001110110010000010001100010110001110100001010011011111111000000 1
1101101011111011100001111010001011111011100001110100011010000100111010100000111101101000100100111010 0
1001000100111000011110100010101001110000001100101010100100100000001000000110110010100111111111011111 1
1111110001100001111000000110111001110010110111000111011000011000111111000011101010111000001001011110 0
1101011011010110110000000010110001110011111110101001011110100100011101010111100000011100010000010000 1
0110011110110011011101000100101100101110110111000010111101110010100010101110000000111010101110101000 1
1110010001000010111111010000110001101111011010000001100111000000010111011100101101011110010011010001 1
0111111100011110010100110010110101111001001100101101110110001001010110011111101101010110110010111100 0
1000110111101110011111000011001101011000100011110000000001011101000101111000111011011000101111010110 0
0010010100010000001010111010110011010000011011010011000101101100000010011100101100010101001111001000 0
1000001000101010000010000010000100001101011110100101101101111001001101001010000111011000101001100000 1
0000111110000100001011000000000100111001011101101100001111110100000100011000110101111000010010010001 0
1001000111001111101001100010101000100111111001111101011000110010000110001000101011111001110111001010 1
1101100110011000011110000011111101001111100100101010010101010101111000110100110011001011110001110000 0
1111010101111100011101110110111000101001111001001011100011000110101101010100100001101101001000011101 1
1100101101010011001011000011000110001101101100100001011010111110011101011111101101100001101010011101 0
1110000011010111110100100010100010010010001010101101111010001000010111111000011011100101100010111101 1
1001000010101100000000101100111111001001011000000010100010111001101011110110101100110100011111001100 1
0001110101000101101011101101001000101111011011100111000100000001011100000101011000001001001001100010 0
1010001111001011001110101000101100100011011100100011011011001111111111010010001100011010111100011001 1
0010101110010110010101111001010000110011010001101111000101100100110111010100010101101111001101111110 0
1000001100111101011100100011110110111001111001111101111110110101111001011111010100111011100110001111 1
1000010100101001110111010101000100100110100010001000001010110000011010001110110110111110110110110001 1
0101001100111000001100010110101011101010001011011000001010110011001111111010101101101011000001101100 0
1010101110111001111111101000000101101111110110000011100000000001011100001010110111010010001101000101 0
0111010101111010100111001000010101000000110011001100000001010001101001010011000110010010101001101001 1
0001001000100001000000011010000110010110100000101101010111100111010001111111000100001011011000101111 1
0011001000010001011101100011101110010011000100000110011010101010011010100111011001000101011110111011 1
1110000110101100110001100000111000100111000110100000111011000110100111111100100100011110000011011001 1
1000100101101010010010110000111001111101011010011111110010000010101111010011001010101101111110100011 0
0110010000101000010101011111011000001111100100111101110000101011111000001011000101010110100011101001 1
0100010101110011110110011001110110010000011010101100101011101010011000001101111001110011001100110010 0
0001011101100001111100001101000000001111001101010110111001100110111000001111111100011111011000101001 1
0010111100100111000110001011010111100010010101001001101000001010101000011101000010100000000000000101 0
0011010010111111011011110101111111110111110001100011001011100111000011100101011000100001111101001001 1
1100010110110100110111100010000001000111111101000011101101011011111001100010110011110100001110100000 0
0010000100101000000100001001111110110111101101101011010100011101010011101011110111011001100000101000 1
0110000101001110101001001011000011110110010111101001001101011010001010010111001010110101000101100001 1
1110000010110001011010101101000111111111010010101000011111011100011001100101011110011100011001000001 1

100 100
1111000110011111110111111101011110110111110110001000110110011110100111110101100000111100100011101100 1
1100100100101110101000111000000100110110000110010110101001001011111100000000001010010111001001110010 1
1111110100001100111111100101001110001011101010001110010100001110011100110010010010011101101000101011 1
0011111111010101010001000000010001110100001000101000110110110100111100110110110011000111101111100101 1
1010101000110111011000010011000001001000001011000100101110011011001100100101001010010101111010010110 1
0011111101101010000110100000111011100100011010010010100100101101011001010111111000010000000010110010 1
1101000010010110111101000100010001111110011000111011110110111010101000001101110011001010011011001101 0
0101010110110100101011101100111111010001010110100000110000010101000000000011111111110010001011101101 1
0101110001111011011000111101011001110110111010111011010000101011101100111011000100011011000101011101 1
1011101110010100010011001101111000111010011001000000100010100000111010011111011011001100100100111110 1
1110000101011010110101101100001000001101000111001011101011000000000110011110010111001011111111101011 1
0011111011101001111000010000110100011001111011000110111110101001001101010000100011000001010110110011 1
1011011001111001011111110000111110000100001001101110000010001110100111101101011100001000000110110001 0
0101111101101011011100001101010010101011110011111001011001100001010001110101111001100001101100101101 1
0111100010011111100100101010010001010011100010000000010110101001100111101100101011010110100000101110 0
0000001111000111010110111100100100111100001010101110101000010101100010110001011110101011010100000001 1
1101111010111000110011101101101111001000001000011011001111111000000101111011010011110011100100101011 1
0001111011000100000001110100111101010001100010000001110010001011101001111110000001100101101101001101 1
1011001001011000010111101111101101001101011111000011101000110101001110001110010111000010001110010100 1
1000111110010110011000000111011111100010001110111011010011010101011101101010011110000001100110001011 1
0000100011011010001101001001110110110111011010001111010000111011000101001100000101001001000001100110 1
0011101100101011000000001100000000010110000101011010000110110000000011011100011010000011011011011010 1
1010011101101111001111001110001000001101010101001101001001001101011101110100011101011011110000101000 1
1100110001110000101001000100100011000010101101111011110100010011111110110000001100100110110101011110 0
0101011000011010011110110100000000101000101010111001100110110110010110101010001001111110101101000011 1
1001100110101100001000010011000100010001001111110010101100000011000001111100001000010111111001101111 1
0011110100111110000100111000111100110100111001101101110010000100011001010001111001011010111111110010 1
1111100001011101010001110010111001001001111001010010001000111010110100011100101100000110001100100110 1
1111110101001001101110000001101011110101101010100000100100010011110101011000011001011001000001010011 1
1011011000010101111110010110000011110111110101010010011000011010101011100101000101100001010111111111 0
0101110001010100110010001110000001110110000010001110110001100100011111111100100011000010000010000111 1
0010011100010101001011111110001110110000011101000101010110110001111101100010010000100111110011100010 1
0101011011000101011111100111111101010110010000011100011010101010001010001000001111011100110001001101 1
1111110001111100101000000010101010111111101011100010010100110010101000010110000011111101110001011111 0
1010011001110100111111101000111101100000000010000011100100101111001010110111101101111100100011011110 1
0111101100111000101100010111011110001111000100011101101110101010010111011000101000110010000001000101 1
0001100110111100000000011010010110000000011101101001000110111000001101100001011110100111111011110000 1
1110100001000000101010101101110101110110010110110011010100011001010000011001010111000010100000000000 1
0100111010000011110110000001101101010101100101010010110110000000100010100110001100111111111111011010 0
0000000011000011100000010110010000000101001101011101101110111111101111010000110000010101110001011100 0
0010011110110011000100100010001100101101110100000001011100100010011101010100101101000110001000101001 1
0011000010000100010100101001010000000011011101110100111111010100101100011100011101110000111001011100 0
0111111000010110010110100000001010101001100110111100111011011110000110100111101101111010110011010001 1
1101000011001011101101010110101111011000001100000110110101110001001111011100100001010000011000100011 1
1010010110100001001111110101110001100111101101001101010110000000010000010111111011111000000010010110 1
1011100000110100100001111010111111001011001011010110001100010101000001111011000011011001000001001000 1
0100010010101011101110100010011001111110011110001100110111101001010110111000101011010000100000000011 1
1011000010100000100100110011101001001000110100011001010111011111011101111101000100011101000011101111 1
1010000101100001011011001010100000110101111101000111110011000010001111001111111110101100001000110001 1
0011100110001010000011010110100101101111111010010111010011000100010001100001010101001100000010101100 1
1011011110111100100001110101100000111100101011011110001001110000011100100101010001000100011011111001 1
0101001101101100101011010101011010110000010100010110011111010111100100001001100110111000101000110011 1
1101110100001010001111101001111011001001001000010100110010110011011101000100101001010010001000100110 1
1000110100100000100111000001000100011010000010001000100000100101000101100101001101101000010110010000 1
0001011000100110110001101010110100001011001011000100001000011001010111011000100110000101100001000011 1
1001000100000011000000010010101111011101110111001001011110111100001010101110010111100011000110101100 1
1101001011100100010100001010001011110011111101110000001110010111101110001100011011111010010101010101 0
0111111100011011111010011010000110011000001100010111000101101011000100100111110100100110110010110100 1
0001110010011110011100001101000000111111110000111001011001101101010111001111100001010110101011011010 1
1010101110000101000011111101001100001110110100100100001111111001101001010011001010000111000110101001 1
0000110100101100011110001010001001000011001110001111111110110010010010110110110001110001010001100101 1
0001100000010010001001010010001001101101010011011111110111101100000010111010100111001100010001011010 1
0000100101101110111101111001101001000010100101111001100000100101001010101111110011111111111101000111 1
0111100000111000001111111111001010000000100000100010101100000111110110100111001001001111110101110101 0
1001111101110111001100111010010010101011101100100001010000001000010111111001010010101001000110110111 1
0010110010010000000001100101001000011000001000000000100111011111011111011101101111101000101000101010 1
1001010000101011000010000010000100000100100000000001111111111111011001011101101100011000100011110011 1
0011000001101011110110001011101100010010100111001110111110010100111011011100000111011100101100111110 0
0111101001101010011110111000000000110010110011001110101101101001011000011101001100110000101101001101 1
0011000111111011101110100110100111110101011100110001010001010001010001110000111111110100001010111010 1
0111100111010011000010110010111000110100011110010010111110111011001111110001010110101010101000010101 1
1111101010011000001001101010001110010111010100101001011110011100101101100110010111010110011100110100 1
1001011110000011111000000111111101000110110111000001001010110000000011000110010111001101000000000011 1
1110011100110101111111011011100110111011000011000100101001001011000011111000101111101111011110001100 0
1101100110101110010100110101100010010000010010011111100110100100101111111010001110000111101010000101 1
1111011010111100111111111110111100000011000100110101010011000110001000100100011000111110011110110010 1
0111111011110001110001100011111100110001010010001001100101000011000010111110010111101101001001111010 1
1100100010001010000100110000010100111000000101111101110101100010000100100110001011111001101100100101 1
1111101111111001010001000100111011101110001101010010100011000101001111011110111100010011111010110111 1
1010111101111011011101000001111001010001110001100011101000111111011011101101101100000000011100100011 1
0000011000111111101010101101011111101001010100010101011101111000110011010011010010011100111011010111 0
1000110101001100101111000101111011011101001111101110000010101011010100000111111001101110001110011000 1
0001010111100111011101001100100101000111001000100110011101111001110101100000110100101000111010001001 1
1111110001101111111111011101111000110010100001011100011001110010101100101101000111100000111100110001 1
1100110010101100101111110001010100111110111101100011101001100110101011010100110111011111001010000000 0
0110111000110010100101001011010101111011000011000100000111110100111010111100100110111110101110001101 0
1011010111000011110100000101111110001011111110001111100110001010010011101010001110000011010111001000 1
1111011000110111011011101111101010110000011111010111011101101000101101111100001011100010100011001011 0
0001001001010011110001111101011001000110111110001101010100100010110101110011010000100000011010001101 0
1110000100010010010101001110111000000111110101100001101011100010010001101111011111000101010011010001 0
1111001110010010100001011100110101001100001010001101001101110100000100001100010100001111010001011101 1
0100000101111101011110000101111011010000111001100100100110100001100100011101111101111010001001110110 1
1000011111000100001011011010110010010011111101010111000101011010010011100100001011011011010111110100 1
1000011001111100010111000110110111100000000110110101000111110101011000100111110100110101010000110110 1
0011101000101000010100100001000001001101111111110000001001100110010101010100001100100010001000001101 1
0000100101101101001111110101111001010000010100010000111100001101100100101110101101110110110010000011 1
0101100111101000111111001000111111000011100000001111111011001110110111001011111010101000010101110101 1
1011100001100101001110101110100001011001110010110001010101101100001111101100111111110101011101100101 1
1110011100111000110000111110101000000110000110001001010010000110010010010001001110011110101110011010 1
0110001000101110001010010101111100101011101010000101100001110000111000110010010100011111000010001101 0

100 100
0001001011011011110111111110001001101110011110011100010101000110001010001011000010010010011000000100 0
1011101101000000110000001000100001101011001000011111111011100100010100000100101010111010001011011101 0
0110111100101010110000100111100011000110100101101101111100100101101111011000010100011000010110000011 0
1000000101101001100001101101110001001000110100010010110100010100000110100010001100101010011001000101 0
1111110101110100001001010111100000011000111111010110001011101001000100110011010000000111001001100000 0
1000110000000001110000011111100000010010010010011011010100110100101110111100101000100010000010010101 0
0101101101101101011111011110011001111001010100001110001111110010111011010000000010010001111110101011 0
1011111111110010111000001001110011100101011010001111110010111110011001000111110111000011000100001111 0
1100011010101101000101101110000100100101110010010001111111111011000010010011010111010101011010100100 0
0100011010100011000010111101001011110011010011101101110110010111001000101101001011110101000010010111 0
0110000010101001001001101010100011011010110010100001001100000000101001010001011100000110010010000001 0
0010001000000001101110010100111010001101101101111000010100111110100010110000110100101111111000110100 0
1100111110110111101011000100100110111000110101011111111111100111000110001010111011100011010001100001 0
0100001111001011001101101001011001001111001100101011011111010110110000100100111010011100101100011011 0
1000011100000001000100100000111011010000011011111001010010011111100101000101010111110110101010100000 0
0011001000111100001010011001000011111010111001101010010010100001101100111001010111000001011010010100 1
1011001101011011011001101000010111111000101011110010011111000011100010001010101111110001001001011000 0
0100001010100000100111001101100010010000010001111100001101111111000000000110001111100010101101001001 0
1110010001010011110011001010001110101101000100001000000101101001011111010100100010110100101001110001 0
1100101011110000001011101011001111110011000000001110101000100100011000100000010101011111110100101011 0
0100001110100101010110111010100101001110101011100010011110101011111000100000110111110111101001110001 0
1111110011001110001100111110100011100111010101111101110000010110000111000011110100011110101111111001 0
1101011110110001000000111001111001110001000100001101110000010110001010110100111001111111010001001000 1
1000000110110001011111000010100000100100111101100011011000010010001011010100010000101001100100000100 0
1100111111111111100110110111111001100010101010001010001010100010000001011000000101111010111110110000 1
0110111100010110011100100000001100110010111100100100111111100110101110101111100110011100000011000001 1
1100010011011100111111010110100010110111011001000110101110100101010001111011011011001110100110010010 1
1111001000110100001001101100010101111011000110110010101111100111000111111100011000110000110001100101 0
1010110001000000001001000101111010001111011010000101101111100001110001000100100010100000110111000010 0
1000000000101001000111001100001101101101111010110101011001001111101001011100110010111111011010101101 0
0010001001101000010110010001111101101101011101101010001000111111000110000110110011011100111100001010 0
1011010110000101101110100011110101000011011001101011001100001011111110011110100011111000000001110101 0
0010111111001011010110101100110011000101001100110101110000100101000010110011000010001000010000000001 0
1001110110010010111011111111001100101111100001010101110001001100110101011010001011000011011101100110 0
1001101100110100010100001001110010101101110100111000000100011010111001110100011110110111010100011111 0
0001001101100000110101101010100100001011101111101111101000110100010111000111011101011100111100101110 0
1010101010101000000111011000001100000100110000100100001100000101001011001111101011011110110000100011 0
1000110110000101001101010010111110101110111101111001100110101010010001000110001100110101110001000001 0
1110001110111101110111111110001111101010100010111001110001000011111010001010001001110101001001010111 0
0010111111000111101010000001101100010101001000110010000001011111010000101001110110100000101000101101 0
1101110000001001000110101110110000100000000100110101011101010010000001001000011001000100001000100111 0
1100100011101100101111110010100000010101011101101010011011001101111001100110000010011010100010001101 0
0101001111010100001001101000010010111100001011001101101001101110001110100000110000110000011100100010 0
0010011111010101101010111101100101000101100110011110100000010000100100010000111000001001000000011101 0
0001000110010001011110100111101001101100101100001011011000010110000110100000001000101011011000001010 0
0110101111010010100010000010111101011110011010011010000001001011111000001100001101101001111011000101 1
0101001000110100011110000001010010110110101101101110110110010011000011110000000111100111110111011011 1
0001001000111110001101011100110110000100101010000010101011001000000001011100100100110001000110110000 1
0000001011110011001100001111110010011100011110000111111000000001101011000111111100011010010000010111 0
1100011110111011011110110011101001000101011100001110111110010110001111010100100000011110111011011100 1
1010010100101010110110000110010111101111001100101110110001001010010101001110110001100100101000001110 0
1000001100111110111101010001001111011101110011101001000001101000001111111110100010110011101001101001 0
1010111011101001110110101000010111100101011110001010111011010001111100111001011011000111010000111110 0
0100111011001001111110111000101110011110010100011000011100010110111100100010001000001011011010001111 0
1101001011010010000110011100010100010010101100101100000110100010001101111011100000000010100101111101 0
1111000000001011110011001100110001001010110001110011100010011010110101111111100100100101110010011101 0
1010101011010011100010111000000100000101000011100101010100100101101011101000100110010000110110000100 1
0000001011011110011100001110111111111100000111111011111000001110010000000011011110001100010101010010 0
1000010101001100100000110000100010011000100010110110100100110101100110101110001011111100101111110101 0
1110010011000111110111100000010111110001101111000001110010010001110110100011110010111110011011100110 0
0001000100100011111001110110010100000010100101010010101011000010010110100011100000010010110111000011 0
0010100100100110011011101101010111111101100011010011111001110100011111101100010011100001110110111010 0
0111101001110100111110010100010000110000111111100011110111110000011001011110100110101110000000001001 0
0100001010111101011110110000000110111010011001110001010111101110001100101000111001100010110001001111 0
0110010100111011110010100111101100001011010111101110001010001101101000101110001100000101100010100000 1
1000111000000001011111011111110111110010110110111001110000011001100101110111100101010000001000100110 0
1000110111101001000000101100000100011000111001100110100010010011010111000100011010000011010101000001 0
0101101110010011101110100111100100011000000011100111101000111111010111111100111100001101010101001010 0
1010011100010000010111111001101000101000101101100111000100101001010100110000100111101110000100000000 0
1100101101110111011110111011010100101111001010101110101001000001011100101000000111100010111011110011 1
0110000001100100000110001011101111111111001001000001000101011000110001100100010010001011101001011011 0
0001000100110100011001000110000100010001110100011110100111101010011101011001000100110101011010000110 1
1111111010010111110000010011111001110011011000011000001000111011100100101010011011011111100001101111 0
0010111001101010111111110101101100011111001101110001110111001111110001001111000000011000110000101100 0
0010000001101001101011011000101110111011100010100001000111101010111011101100110000101010100011100001 0
1111110100100110011011110111110101001011101111110010111000101110110011101010101000001100110101110111 0
0011110000000001001100011110100101000100100010110010011100111111011001000101110001000001010111111001 0
0101111111111111100111000111111001100011100110010001000011110011101110100111100000100110101110000101 1
1010110110001001100011110101111010111101101011100101111111000110001111000101101110001110001110110011 0
1111100101101111101110011011101010101101011000110001110011001100101011100000110110101110110001111000 0
1010011110101111000100111101110011001110000100000000110000011001001100101011001001011001101001101011 0
1101111101101110101111101001110010101010100111101011111011001010100011001011101101000101101010001000 0
1001011010100101110000110100101000001110100110001100111001001001000111001010100011000101011111110101 0
0011110110001110101010101000100101010010110001001100001101011011011000011110010010010101100011011111 0
0001101001110011100111001110101101010100111101011100011100111001101101010100001010011101011111010100 1
0110110110111000110001000101100011000011100010000100000010010011111111101100010001001111110011100111 1
0010000100110011101001110111001101111101101100110010101110110001110000010110101100110001011001111101 0
0101010001010110110100110001001010111111010000011001110101001010001100001111110001110100001100100010 0
0111000110101000011100100000111100001010010110001111101100001111101000011001101010010101101010110011 0
0000011100000111001011011101010011110001011000000111011101100111000101010110011000011101011010110101 0
0000110100100011101011100100110011010000010101011010110001010010111111100110011111010010111011010100 0
0001110001011110011111001100000001110100100011011000100100101001111111101100111011001011011111101010 1
0000001111001111011101000010111011011110010101010101011010011110011100100110111100011110101010001011 0
1100011101001111000011001011110000111000100110000001101101000000111000010100100110001011101100111101 0
0111110011100110101100101110111101110110100101111001011101010110001111101111000100100000100111101110 0
0111011110101000001001110101011001100011111011010010100100101011100111100001010011000010100011000001 0
1101111001110110111100010110101011111111010000111011011000011010111001100010000101110011000100011101 0
1101011011100000110100100111100010001100010011010100100111001001101001101110011100110001111111000110 0
0011100111110110100011011010110110110101011000101100001110101101110100101000010100001110000100011011 0
0100000100000011011001001000110110110100101110110010100100110101010000101010001010000110101101000001 0
