10

4 2
0001 0
0001 1

73 2
1100000100101000101000010000011101001001010110101111110110101011110100001 0
1100000100101000101000010000011101001001010110101111110110101011110100001 1

4 2
1100 1
1100 1

4 2
0010 1
0010 0

67 2
0100110110100010110000100010111001000011001100101100110001010111011 1
0100110110100010110000100010111001000011001100101100110001010111011 0

80 2
01111001111111011110010111001001110110011000101001000011011111011000001100010110 0
01111001111111011110010111001001110110011000101001000011011111011000001100010110 0

98 2
01000110111011011010011001111111110111101000100101100010101011000001111001110100011000010001100100 1
01000110111011011010011001111111110111101000100101100010101011000001111001110100011000010001100100 1

26 2
01011001001101100100110110 0
01011001001101100100111110 0

34 2
0001101011101001110101010000011011 0
0001101011101001111101010000011011 0

25 2
1101001011011111011000101 1
1101001011011111011100101 1
