10

95 2
01110100011011000000010010011001110010011101001101110111010100010011100010101011100100101111011 1
01110100011011000000010010011001110010011101001101110111010100010011100010101011100100101111011 0

87 2
001100001110011011110000011011110100110001000100011100101010100110101101010100110000010 1
001100001110011011110000011011110100110001000100011100101010100110101101010100110000010 1

66 2
000011100100110000110010001010110110010100110100111010000101010010 1
000011100100110000110010001010110110010100110100111010000101010010 1

17 2
01110100100001001 0
01110100100001001 0

35 2
01100110010100010000000001101111111 0
01100110010100010000000001101011111 1

99 2
000000001011111101010101001100000010111010101100001010000110111010001100101111111010010001100000000 1
000000001011111101010101001100000010111010101100001010000110101010001100101111111010010001100000000 1

87 2
100011100010011010010010101110001100011010111000000011001110110000111011000100001000100 1
100011100010011010010010101110001100011010111000000011001110110000111011000100001000100 1

22 2
1001100000110010000110 1
1001100000110010000010 0

5 2
01000 0
01000 0

37 2
0010111111111100101100110100100001010 1
0010111111111100101100110100100001010 1
