10

96 100
100000000000000000000000000000000000000000000000000000000000000000000000000000000000000000000000 1
010000000000000000000000000000000000000000000000000000000000000000000000000000000000000000000000 1
001000000000000000000000000000000000000000000000000000000000000000000000000000000000000000000000 0
000100000000000000000000000000000000000000000000000000000000000000000000000000000000000000000000 0
000010000000000000000000000000000000000000000000000000000000000000000000000000000000000000000000 0
000001000000000000000000000000000000000000000000000000000000000000000000000000000000000000000000 1
000000100000000000000000000000000000000000000000000000000000000000000000000000000000000000000000 1
000000010000000000000000000000000000000000000000000000000000000000000000000000000000000000000000 0
000000001000000000000000000000000000000000000000000000000000000000000000000000000000000000000000 1
000000000100000000000000000000000000000000000000000000000000000000000000000000000000000000000000 1
000000000010000000000000000000000000000000000000000000000000000000000000000000000000000000000000 1
000000000001000000000000000000000000000000000000000000000000000000000000000000000000000000000000 0
000000000000100000000000000000000000000000000000000000000000000000000000000000000000000000000000 0
000000000000010000000000000000000000000000000000000000000000000000000000000000000000000000000000 0
000000000000001000000000000000000000000000000000000000000000000000000000000000000000000000000000 1
000000000000000100000000000000000000000000000000000000000000000000000000000000000000000000000000 1
000000000000000010000000000000000000000000000000000000000000000000000000000000000000000000000000 0
000000000000000001000000000000000000000000000000000000000000000000000000000000000000000000000000 1
000000000000000000100000000000000000000000000000000000000000000000000000000000000000000000000000 1
000000000000000000010000000000000000000000000000000000000000000000000000000000000000000000000000 0
000000000000000000001000000000000000000000000000000000000000000000000000000000000000000000000000 1
000000000000000000000100000000000000000000000000000000000000000000000000000000000000000000000000 0
000000000000000000000010000000000000000000000000000000000000000000000000000000000000000000000000 0
000000000000000000000001000000000000000000000000000000000000000000000000000000000000000000000000 1
000000000000000000000000100000000000000000000000000000000000000000000000000000000000000000000000 1
000000000000000000000000010000000000000000000000000000000000000000000000000000000000000000000000 0
000000000000000000000000001000000000000000000000000000000000000000000000000000000000000000000000 0
000000000000000000000000000100000000000000000000000000000000000000000000000000000000000000000000 1
000000000000000000000000000010000000000000000000000000000000000000000000000000000000000000000000 1
000000000000000000000000000001000000000000000000000000000000000000000000000000000000000000000000 1
000000000000000000000000000000100000000000000000000000000000000000000000000000000000000000000000 1
000000000000000000000000000000010000000000000000000000000000000000000000000000000000000000000000 0
000000000000000000000000000000001000000000000000000000000000000000000000000000000000000000000000 0
000000000000000000000000000000000100000000000000000000000000000000000000000000000000000000000000 1
000000000000000000000000000000000010000000000000000000000000000000000000000000000000000000000000 0
000000000000000000000000000000000001000000000000000000000000000000000000000000000000000000000000 1
000000000000000000000000000000000000100000000000000000000000000000000000000000000000000000000000 0
000000000000000000000000000000000000010000000000000000000000000000000000000000000000000000000000 1
000000000000000000000000000000000000001000000000000000000000000000000000000000000000000000000000 1
000000000000000000000000000000000000000100000000000000000000000000000000000000000000000000000000 0
000000000000000000000000000000000000000010000000000000000000000000000000000000000000000000000000 1
000000000000000000000000000000000000000001000000000000000000000000000000000000000000000000000000 0
000000000000000000000000000000000000000000100000000000000000000000000000000000000000000000000000 0
000000000000000000000000000000000000000000010000000000000000000000000000000000000000000000000000 1
000000000000000000000000000000000000000000001000000000000000000000000000000000000000000000000000 0
000000000000000000000000000000000000000000000100000000000000000000000000000000000000000000000000 1
000000000000000000000000000000000000000000000010000000000000000000000000000000000000000000000000 0
000000000000000000000000000000000000000000000001000000000000000000000000000000000000000000000000 0
000000000000000000000000000000000000000000000000100000000000000000000000000000000000000000000000 0
000000000000000000000000000000000000000000000000010000000000000000000000000000000000000000000000 1
000000000000000000000000000000000000000000000000001000000000000000000000000000000000000000000000 0
000000000000000000000000000000000000000000000000000100000000000000000000000000000000000000000000 0
000000000000000000000000000000000000000000000000000010000000000000000000000000000000000000000000 0
000000000000000000000000000000000000000000000000000001000000000000000000000000000000000000000000 0
000000000000000000000000000000000000000000000000000000100000000000000000000000000000000000000000 1
000000000000000000000000000000000000000000000000000000010000000000000000000000000000000000000000 1
000000000000000000000000000000000000000000000000000000001000000000000000000000000000000000000000 0
000000000000000000000000000000000000000000000000000000000100000000000000000000000000000000000000 1
000000000000000000000000000000000000000000000000000000000010000000000000000000000000000000000000 0
000000000000000000000000000000000000000000000000000000000001000000000000000000000000000000000000 0
000000000000000000000000000000000000000000000000000000000000100000000000000000000000000000000000 0
000000000000000000000000000000000000000000000000000000000000010000000000000000000000000000000000 1
000000000000000000000000000000000000000000000000000000000000001000000000000000000000000000000000 0
000000000000000000000000000000000000000000000000000000000000000100000000000000000000000000000000 1
000000000000000000000000000000000000000000000000000000000000000010000000000000000000000000000000 1
000000000000000000000000000000000000000000000000000000000000000001000000000000000000000000000000 1
000000000000000000000000000000000000000000000000000000000000000000100000000000000000000000000000 0
000000000000000000000000000000000000000000000000000000000000000000010000000000000000000000000000 1
000000000000000000000000000000000000000000000000000000000000000000001000000000000000000000000000 0
000000000000000000000000000000000000000000000000000000000000000000000100000000000000000000000000 1
000000000000000000000000000000000000000000000000000000000000000000000010000000000000000000000000 1
000000000000000000000000000000000000000000000000000000000000000000000001000000000000000000000000 1
000000000000000000000000000000000000000000000000000000000000000000000000100000000000000000000000 1
000000000000000000000000000000000000000000000000000000000000000000000000010000000000000000000000 0
000000000000000000000000000000000000000000000000000000000000000000000000001000000000000000000000 0
000000000000000000000000000000000000000000000000000000000000000000000000000100000000000000000000 1
000000000000000000000000000000000000000000000000000000000000000000000000000010000000000000000000 1
000000000000000000000000000000000000000000000000000000000000000000000000000001000000000000000000 0
000000000000000000000000000000000000000000000000000000000000000000000000000000100000000000000000 0
000000000000000000000000000000000000000000000000000000000000000000000000000000010000000000000000 0
000000000000000000000000000000000000000000000000000000000000000000000000000000001000000000000000 0
000000000000000000000000000000000000000000000000000000000000000000000000000000000100000000000000 0
000000000000000000000000000000000000000000000000000000000000000000000000000000000010000000000000 0
000000000000000000000000000000000000000000000000000000000000000000000000000000000001000000000000 0
000000000000000000000000000000000000000000000000000000000000000000000000000000000000100000000000 1
000000000000000000000000000000000000000000000000000000000000000000000000000000000000010000000000 1
000000000000000000000000000000000000000000000000000000000000000000000000000000000000001000000000 1
000000000000000000000000000000000000000000000000000000000000000000000000000000000000000100000000 1
000000000000000000000000000000000000000000000000000000000000000000000000000000000000000010000000 0
000000000000000000000000000000000000000000000000000000000000000000000000000000000000000001000000 0
000000000000000000000000000000000000000000000000000000000000000000000000000000000000000000100000 1
000000000000000000000000000000000000000000000000000000000000000000000000000000000000000000010000 1
000000000000000000000000000000000000000000000000000000000000000000000000000000000000000000001000 1
000000000000000000000000000000000000000000000000000000000000000000000000000000000000000000000100 0
000000000000000000000000000000000000000000000000000000000000000000000000000000000000000000000010 0
000000000000000000000000000000000000000000000000000000000000000000000000000000000000000000000001 0
000000000000000000000000000000000000000000000000000000000000000000000000000000000000000000001100 0
000000000000000000000000000000000000000000000000000000000000000000000000000000000000000000001101 1
000000000000000000000000000000000000000000000000000000000000000000000000000000000000000000001110 1
000000000000000000000000000000000000000000000000000000000000000000000000000000000000000000001111 0

15 100
111101010011111 1
000011011111011 1
010100000101010 1
100010001111010 0
000010111111011 0
110000011010111 0
011110001111001 0
111110100001110 0
010101110011000 1
101000000110011 0
000010010101111 1
100110111010111 0
110010101010100 0
001100100001110 0
000000010111111 0
101000000010110 0
011011010101111 1
100100100001111 0
000100001000111 0
111100100001111 0
110110000011101 1
101100000011100 0
100000100011001 0
001001011000010 1
100001001011001 1
001110000000100 0
111101001110001 1
001101100111010 1
010110100000110 0
001010110010111 0
111000000101001 0
001000100001011 0
101101110101111 0
100001000100011 1
000011100010100 1
101111010011100 1
010001011111110 1
110000010101001 0
110000101011111 0
010010110110000 0
111110110001111 0
100001001101110 1
001101011001000 1
001001110101001 1
010100011001010 0
111110011010100 0
100110101111010 0
011110100001011 0
111000010100000 0
100001101100010 1
010001100001010 1
100101111111011 1
101111111101001 1
100110001000111 0
101010000000110 0
101101101101111 1
111111111100100 0
011111100111010 1
010100111100101 0
000111100110010 1
001000001000010 0
001101100110010 1
111001011000000 0
001011110010111 1
010000001001001 0
001110010101011 0
001101111101110 1
011110111100011 0
100001110011111 1
011110001001110 0
001010110010101 0
100000110110111 0
001100111010000 0
100111111010101 0
001100010100100 0
010101111010100 0
010110011011001 0
110101110001100 1
110011111000011 1
111110110101101 1
110101001000111 0
000101010001111 1
111101111111011 1
110001101110101 1
101101110001100 1
101010011010000 0
101110011100101 0
100001101101111 1
111010101010000 0
110101110000100 1
100001111010011 1
011010110011001 0
011010100001100 0
110000000100111 0
101010010100110 0
001001100100011 1
011110001100000 0
011100111011101 0
100101110110100 0
110010100001011 0

30 100
110000010111001100111000010101 0
101001011011010111000010001100 1
000001001010000111111100001111 1
110111110000001010110110101010 0
010100000001110100010110011101 0
000110110011101010000011000100 0
001111101101000010001010100000 1
110001111010010011110100000111 1
001000011001100111001001011100 1
001011001110010101000001011011 1
101010011100110110110100111110 1
000011110010011101001101010001 0
110111001110101010011111101110 1
001110011101010000010101000011 1
110100111011001000010111101110 1
110010100101100110100001101111 0
010000110011110000111110111001 0
101100110100100100111000111100 0
100010101111011111011111010011 1
011000011100111000111010001010 1
111101110010101001101111110000 0
100001011001000000101010101101 1
111011000000000010111110111000 0
101110100000011101011001100100 0
100100000001110011010011111110 0
100000000111001001011101000110 0
011011100011011010001110011101 0
100100000011000000100010001011 0
011111011001111110010110110101 1
000001011000111101111000000101 1
110111110110100001111001001100 0
111011101110010011100101100110 1
000111010100110100100010010101 0
111000011011100100000010011110 1
010011100111011111110010001011 1
001010110000111001001011011000 0
011101000100001000001011100110 0
110001101001001011111110010000 1
001000100101110000111001101101 0
011111011001111111000111010110 1
010111101100111001111001011101 1
010101100010100011100101111010 1
010111000110010001100001110111 1
101001101011000111011101011000 1
111010111100100010111010000010 1
011001110010001011100111001011 1
111010110001000001001100101011 0
000010001010010011000001100111 0
110010011001001010111110010000 1
010000000001001001110010101111 1
101111111111100101110100011100 1
111001110001101001101101111111 0
001000110100001110011111110001 0
100100101001100011000001111111 1
011011110111000011101101010101 0
100100010110010001100001010101 0
101001010100110001101011001000 0
100100100100000001000011000001 0
010100100000000101111101101010 0
101001101101011110000111010001 1
111011110110101000000111111010 0
111100011111010010000111101101 1
110011010001011110110100011110 0
010011001000110000110000011100 1
010001001101001001100000010010 1
111101100011011010010011001011 0
001100110100011001000011100111 1
011101010010001000100101001010 0
100100110100101001110011111101 0
011111001001100111001111000101 1
010101010011101111110001001101 0
101001011011010101010111111110 1
001100100011001101111000011101 0
110001101110111010001000011111 1
001000001111100111110010000001 1
011101100001100101011010110111 0
001100011010010111111001111010 1
100011000010001100111110001011 0
000011011101100101010101110100 1
100111000100000111100011101001 0
111101101001010001101010110001 1
110011101100010010101110110111 1
000100001001000010111111001111 1
111011110100100110011101100011 0
011100001101001111100101000111 1
001110111010011100010110000111 1
101011100110101001111011011101 0
010001001111110111010100111110 1
110011010101011010000100110000 0
000011011110011001001000110110 1
101100111101110111110110000101 1
111111000111001100111011110011 0
100000000010001000111100000111 0
000000101101100100011000000110 1
000000101000001101001001001011 1
111010101000011110111110010011 1
011001000010001110111000000011 0
101010010001000100010110110001 0
001011001010011111001101011001 1
011000000010011101110010101100 1

45 100
111101001011011001011101100101010110011010110 0
010101110000010110101010111101110000110110100 1
011010111100010111010001001111110011000110100 1
011110100100010101111111111001000100110100000 0
010111001010110011001010011111111100110011001 1
000101010111000111010001000000100100001111011 1
111010000100100110110011100010001100110101101 0
111110011100111111001110101011000111110001000 0
111001010000111011100010110000010100001001000 0
101011000010110111101101000000010010110001010 0
001101111001001000101100100001000110001111011 0
100110000010110010000000011111101110110011000 1
111111101000111001110111110011000101011111111 0
011111100001100011001110100001100101010000110 1
111010101011001110100101101110111110111010110 1
100110101011001000011000101010000010100010110 0
010011001011011001101111110111011000000100101 0
011100011001000001101101000010111101110011111 1
111101000000001010000111000110011100000000000 0
111110001101011010100110111101110111110000000 1
101100111110000000011000000001011001011110110 0
010001101100100010010110001010110110100010010 1
111110111111001110100110100101110100101110000 1
111000011001010101010010101101000100101101010 0
001000001011110110100000110111100000101000011 1
000001001010001001001011101001101001101001001 1
101100011001101001001111111010100111100000011 1
101101010001100100010100100101001111011011110 0
100001011001000100101000110101101100001100000 1
010000111000010100010010000010010000111010011 0
000111111011010110100111111110011000001101000 0
110100101010101000111111001101011001011100110 0
011000111001111111011111101110010100110000111 0
001100100010100101111001001010101011101100111 1
111101001100001101001111100101010001111000010 0
000101010001001100001110000001101101001101001 1
100100010010100011001111000000110100011011001 1
010110001011011000101100101000101100100101000 1
011001111101101111001000010011010100011110000 0
110110010011111000010000111101010001010111001 0
101000000000110011010101110111011110110000010 0
001101101010101000111111011010010001101000011 0
111011100001110011011101000101001100010001110 0
111001011100110110000010010111101111010100101 1
010011110111110001110011111101100111000010001 1
001101100011010100011101000000111001101001100 1
100001111110110001110000100001011011010100111 0
010101101100000111011110110101101101010110110 1
101101010001000110000000011010000010111111111 0
110110010010111101101110000111100100001001010 1
100110001000011000000000000111101010010000001 1
100110110110101000101101101101100111110100100 1
100100011111000010001110101101011001101000100 0
100100110110000101111000100110011001011010110 0
111100000000011110011100001011110000000010010 1
101001101101111000000000001101111010100000011 1
111111111111101011100111101000111100011000111 1
110010000100000011101110010100011010101111101 0
100001110101111111110100010100010110000010111 0
000111010011010011101101101110000010011000101 0
111101010110000010111111011011000110010011111 0
100110001101000000010101100010100011001111001 1
000101111000101100101001111001101111101011000 1
010000100111011100001110011001000000010001100 1
110110011011111011011010011111101010011001110 1
000101011010111101000010010101101110111010011 1
000100001000010110101110010001001011011010011 0
110101110110110010111001000000111011100111110 1
110111111011010011110000010111000001111110010 0
001010000101100001001010101110110010000010000 1
000100000010111001010010001101101000000010101 1
001110010000010100100111110100011000001011010 0
001111100000010101000000111110101010001011010 1
100000001100011101010011110001110110001111110 1
000001010100110101110110001111101000101001010 1
000110111010111001001000100001100111100100101 1
001000100110100110101001110100000101101111111 0
100110010001011010010100100011111100111010111 1
111110110000000111001010111110101011000000100 1
111011110010101011110010001011001100010111111 0
011100110110001001101100110001000110101101101 0
001111010101110010000010010101011101110100011 0
010110110111001100001110100001110001010000100 1
111101010010010101101010111111101011100101110 1
001101100110001001100000011010010100111110111 0
011101001011110111011001110011111011110111010 1
001100010100101110011110100001001010011111100 0
011011010000010110111100011100101101000010011 1
011000110111101101010110111011110010101110100 1
010001010011010101110100010000010110011110011 0
100011101100101010001000111001111111001100010 1
111111010011111000000100000000111001000001110 1
101101111011001010010110110110100010111110010 1
001001110100011011010011100100000110001111111 0
010111110100101101110100010001101110000110110 1
000000010101101011100000010011111111101111001 1
100000000100101010110100001101001001011001010 0
111000011011101001100101011010011111011110001 0
101110100011111110001100011111011100111010101 0
010010101110000101011110011001110111111000110 1

60 100
110001000100110110011110100101110111101111101010001111101111 0
001010111001000000000111010001001100110100001001001010111111 0
011100110010011010011101000011011011000000001001000011101000 0
000011010010111110111110111111011100001010001010000101110001 0
001100011000101110110111001100110001000010000111100110000111 0
000001111101101010010110011100100100011101011100100111010110 0
001101101000000100000111111001101010000100100110010000001101 0
010000000101101010000100101010111011001111001110110001011000 1
110111011100110000011000011010111100001110001011010110110101 0
100011010010011000011001101001111010110111010111000101011001 0
100111001000010111110011100101001010100000000111010011101110 0
101011110010010111001010000110010111101100110001101110110100 0
011001100010100101110001111111000000111110100000111011100010 0
000001110000100100110101010000000100011011011000011000001011 0
100000001010001011101111110101101100110011000001111010100100 0
100110000110110101110101111011100011001110100100011000111000 0
100101000110010110100110101101101111011000100111000001011100 0
001111010011101110100101111011011110011111011100110000111011 0
100011100001010111001000011000011010101001100011101001000010 0
111100111110000011110001001011100000011101101110000000110010 0
001100111110001010010100010100011001011100010111111101110000 0
011011010010001110111010000001010010101100101010101011111110 0
111101000100101100001110000110011101010000011011011101001001 0
001100110101110101100101111110110000010100011010100110101010 0
010010100000000010110010110110110101010010110111101100101110 1
100001011100010100001101000001011011100110111101101011110010 0
110101101011100001000011011001100111001101011000100100001001 0
110011010101111111011101000010101110010110001101000000101000 0
101110110000101000111111010010001010011011000110001110011100 0
010001010010010000000110110010011000101010010010011000101100 0
001101000011011001100101000111111001111111000100110111011110 0
001000111010110011111100110000000101110101110010111001110101 0
010001111011001001110111000101110110000111010010101010100111 0
001111111101111101100100000011001110110000110010101111111010 0
001101011110000110011000101110110010111100111100100100100110 0
011000001100011111001100100000100010010001000110010010001001 0
111101010011011101101110111010101010111111010001101110111010 0
001011111100100101100000111101101001010100100111101101010100 0
100001001100000101001010001111000100000011011011010111111010 0
110010101110111101111010001010011010100010001101010101100101 0
100100001001000001001001101000111111011101000000110010100011 0
000011010110110100011001000011101101000111100110111011010001 0
110111111000101011001000010010111001110101111001001101111010 0
111110011110101100100011000011000110001110100001111100000100 0
000100101011100001110011011111110010000011101101011110000111 0
111101101110100001100011011110001111000101011010100001101000 0
000011011011000000100110011011101100001001101101000011000100 0
101001101110011101101010010000010000111000001011111011010010 0
001000111011010000111100101011111011010111010101110011101000 0
101010001010011110000111000001101000101000011100111000100001 0
110010111100111110001001000001100101110100111001011110110111 0
010111101000111100010100000111100111001001011111010000010000 0
000110001001000111101101110000000011011010110111001101011011 0
110000001011111000001101000011110110110100011001001000100101 0
100110011111000001010010110010010000101000100101000011100111 0
100000111111011110110101011001111110101010111100111010111111 0
101001000000011101011001000111101011010010111001011111011001 0
110000010010101011000111111110011010011010011010110101010100 0
011001110101010000110011000000101011100010110110100101010010 0
011100000011111001111011101111000110010000111001010100010100 0
001010000000001001011011000010110011011100100100011111111110 1
001110111011011111101010111000110001010001100110000100101101 0
001000101100001111011111110000100001011101011100001100110110 0
000001000001010100101001111101001000110110010000010111110001 0
011101011000010110100111000001010000101101110101111101101110 0
110111110000110010101010110000001110001001010111100011100111 0
110000011111111001111000100011110111100011100111000100110110 0
011100000110000111111001110110011111010001011100000000101110 0
100010000111101001101111011001111010001010100010001110111011 0
101111110100010101100010101100110001111001000110000011000100 0
111110001001101000000010000100011100100110000100101000000010 1
111011101011011010111111110100110011101010111110111000101111 0
100111101111101001111111011010001010100001010110001110110011 0
111100110110100010111001111110001100111000000001010100011010 0
110010001001001010000100101110001000000100001100100111111000 0
001001011110101001111000111001001010111110100011100010100000 0
101111010101001010100011111101111101000100000110000001110010 0
011110000100100010000101000110010111111101110011001110010001 0
101010000101111111110000110101010111010010100111000010101111 0
001100110101101010000010111101001101111011100001001000001110 0
100001100110010011011011011001011010010001010011000101011111 0
110000010001111100100011100010101101101111000110111110000111 0
010101000111111010101011001110011001000011001100110011111010 0
110011011001000000110001101011001000000110011011011011001100 0
111110100110101001010101101011000010010001011011100110001100 0
001011001000100111010100101101011111101000110101001011110000 0
011110010110010111100010100100100101100111110100100101110100 0
010111011010101111011110100001000011100001110001100001011111 0
000011011011111110000001110001001011110010111000010010101100 0
000011100000111011000100000010110100110110111011111101010011 0
000100001111001010011111101110110011011110111000001111011101 0
000011010000111110111010100001001001110110101111100001111100 0
001010100010110001101001100000001100010011100110000100010110 0
100100110101011101101110100001011000111110111011001110111011 0
100010100010111000001100111100000001110111110010011101110000 0
001100010110000011000101101101010100100011011010110100010111 0
101001101110101011101100100111001101011010000001101110100111 0
110010101110100100101011101010111010001110110001011111101010 0
010011010010101100101110001010111000100101101011011001001000 0
011010100001100001011010111111110010000000101101100011000111 1

75 100
010111010011010001110110010100001110011011110110001010011011011101000100011 0
001001101100001101101000010000000111001100000101011011010000001110010110111 0
001110011110110000111111100001101010011100110010001010110110000101000110000 1
001010111100111011001001000101101000011001010011100100000110000110011111101 1
100110100111000001110111111001111000011110010010101101110010111010011100101 1
111101101010010001100101100110111000110111110110010000010010001001011000100 1
111100101100001011111011111001011101011100100101010001110010011111010101111 0
000111011101000000011110010101000001000110010101100010011001110110010011011 1
101011010010110111101110111001111011110000011000011100111101010101011111110 1
001100011000110110110111001110100010111010001111110101000111001010101000001 1
010101111001010011100010110000100110100000011011101100101101011000010001000 0
001101010010100101001111111001001111111110100111001110000110010011100011001 1
111011100010001011010100111011100001101100001100001011000100010001111111111 1
001011110100110101001101010101011110010000011011110100001011110000101101100 1
001010000000101010100110000110110110110011001011001110110001010100101101001 0
000110001010010100110100110001101010010010011101110110000000110111100001000 1
110101100000000000011101101000001010100000000100101010000101101100100101101 1
110000110110001101010000010100110110111100001111010010001011100110111101100 0
011101100110010100010011101010001011110101010001000001111101101000011010111 1
111010100010000110001000001010101011001100101110110000100001110011101011100 1
011001111101001110101011100110111010101001101011011010110001010010010110010 1
110001100011011000000001110111001011101100110010110100011000000101010110101 1
100110100101011010100000011101001111111100011110100010011101011101010000001 0
111111110110000101111000000000010101010101101111100000100110011001100110000 1
100010011101100001101110101000010011110001101001111100100000001010101000110 1
010111000010010000101101001011010001001000000000010000100111010000000100000 1
000001001100111110110010010110110011111101100011001100111000011110010100110 1
111110000001001001010011011100111101101111111010111001100110111100010101110 1
000011011110101110000001100011111101000011001111011000010011100110000001001 0
110010000001000111100000010010100011011011111101011110101000010011010111100 1
000100111111011011000000011000010100110001000101011111111011000011100101001 0
000101110001111111100010100001101111001011000110010011001001101010001100000 0
110111110011101011101101011010101111000000110111001101000010000110010111110 0
100000000101000000001000111000010001101111010010000101110111100000110010111 1
101001001111000100101010011001001101001101001111101000111010110000000100000 0
011110110101111100111111101010011000010010001110101010000101110111110111011 1
100100001000100011100001011010111001011010000011000000001101100000101101101 1
110010010011001101101100110001110011000100000110101001010110001000110101101 1
011001111010001000100011011101101011100110110101111111100010001100000111101 1
111000000110111110000010101010101010110101110000010111101110101010001011100 1
000011001011100011100100011101101100110010100000110100101010100001110111101 0
000011000010010000010101110011011011111111010011000110011110011110011001100 1
100010001000010011011010010101101100110111110100101000000010110101100011101 0
101111011110111110001111110000100011100111101010110001111101111001111000110 1
001011011001111000000100000010000101010010101001000110110111111110011010000 0
100111100110101001010001101111100111001110100010110110100011100111000111100 0
001000011001100000011001010110111011000101011001001001100001010100000100000 1
110110011111111111111111101000001010010101110001100010010111111010111111000 1
001101000001000111000010101001101011110110100110100101101001111110000001111 1
101111111001110001111001001110111000101000001001101001001111000100110101101 1
001111001101111011000001111001101011001111100000100110101001011111011110001 1
101110111001101100001101000100010101100000111001011000110100100110010110110 0
010001100111101011000001111110111011111100000101001100011110100101000011001 1
111001011011110000011101000100010100001100011010111011111100001011011101111 0
110100001010110110111010000111001111100001010011000101101101101011101101100 0
101101110100000111110001101010000011110101001000111011101000001100001011110 1
000011110100010110001001010100110111011001000010110001100110111101110010100 0
000011011101101010110001001011111111000011111010001111011101010000100101000 0
101010101100000101001010010110011110100010100111111011010111110001000001111 0
111000000111100011100000010000111001101110000100010000001101101001111000110 1
100100110010101111011101011000010011000001100011111001100100100001111110000 1
001010100010100100100011001001010111101101111111101110110011110101111001111 0
100010001010111010000111001110000011110011101000100110110011110101110111000 1
110101010000011100110001011001010010110010011101101001111011010011110111110 1
101011111110011110100111100111101010100111110100100111001010111010110100011 1
000000011101001100001010000000010010000110000110111110111001000000100111111 1
110001110110010010010000011000101000111000011010010000000100100100111010111 1
010111111110100000010100001011100110101011011111110000011110010101111001100 0
111010111110001110101110010111100001110011010101001110111010100111100101101 1
111011100100001111100010110000110111000110110001101001010100111100110101110 0
111001101011001010111100110001110010101010110001110010001011100101110011010 1
010000001101000010000001001110111010000111011111101001100011000000000011100 1
110000100100101011010010010110001001010000010111000001111100100000101100101 1
011101001110001011010010001001101011111111111001000011010110100011101010111 1
111010011000011001000111000011001100110010011110110100010111010110001010011 0
110101010001010110111011110010101001100100001111110011100001001101011011111 1
001110111011010110100001000110100010011110001010000010011000010110111000110 1
010100101000111110000011100111010000001001010100000000110111010111111011000 1
010011111111100011000111001101100010101010101100000001001101010011001010000 1
100100110111001000000110011010010000001110010110111100001100101100010101000 1
010101000000111111100101101001000010010010000101111100010110010000001101101 1
101010000001010010010010000100010001001101000101100110110100100000110100000 1
110000111100110011011000010001010011000011010111010111010010111011111111000 1
111010101000011100001110110010001110100001000110101010001001001110100000101 1
110100000110011101111111010000110000011000101001111000001011000000111011000 1
100101001000101011010001000101101111010010001100001000100001111010011010010 0
100110110111111000101101000010000001011100011101111110010001000110011101100 1
010110101100100111100101000110100011001111111000110101001010100100000110011 1
111000010110001111100100010011100000011000010101011011110111000000001100101 1
011110101010101001001101011001100000110011101011011101110010011011000011100 1
001100001110111010100000011101110000110001001100010011010000101100011011011 1
111110011110111111101101010110101010111000110011101010111000010101111011001 1
000110101110010010000111010001101101111000000001000011101001111001110010110 0
110000000000100011111110111000011101100100110111010101111011001011101100111 0
111010110001111111010110000000011100111110011100000011111101101011100011010 0
110010001111001001100010001100001001101010110010101100100001101001111000011 1
101111010100110000101000100110100011100111000010100010001100110111001100001 1
000010011100010001010110100100001000110000001001100111000000101011000000010 1
110010000000010001100100110011011110100101000000100110101001110001011111011 0
010010001001000111101000011110110111111001101111001101001100010001111011001 0

90 100
111111011111110110001110011000110111010100011000100001000100000011110001010111001001010000 0
001010000011000111100000010000101010011110010001101000001001000101010101100110000000000101 0
111010000101011101000010011100011110101111000110111110111011010110000101001101110000011000 0
000010010111101000010010100100010011011000010100101100011001010111000100000010100000100000 0
010111010110100010100101001001001000101110010010100110000100100000000110111000010001011000 0
100111111001000000010010001011000001110100000100101001001100101101000010010100100100000110 0
001110110101011100000101101110100011010000100110100110010001011011010010111100110100111111 0
100111101011100001111001110001011000100000010011100100011111010001011101100101001111110101 0
101100101000100101100011011110100011011111111101010001100010000110011110001101001011001010 0
101011010100100001110101100010011110001011110110001101010111100010100001010000010000100111 0
111111011111111111100100110000111110011001110001000010001110101010100000110110110110100111 1
000011111011101100010110011100000100001101011001001010101011001111111001101101000111101001 0
010100011111010101001111110111100110101110010010110100011011001010110001101100111101101110 0
101111000101000100001101110000010101010000001011111000111111110100111111111000011110111001 0
001110001111110111100110000111011000010100011110000011100111010110011010011100101110100111 1
110000000110101110011001100011000011011000000011011111000001000001110011001100001111111100 0
000011000011110010011000100000000101001011100100101100110110100010111100010010000011010000 0
000010101001001111110111101101101100001101111000010011101001010110010101010000001000111011 0
100110101010000000101100111110100110000101110110101001011100100010010001010001010100101001 0
110110101010000011001001110110101100011110110111000000111000011101000110101111101101110110 0
110111100010101010111010010100001111001000010010011011010100110101001111110010001100000010 0
111011000110000000001000000100010111011100101111011111101111010001110100111000101001111110 1
111110001101110100100101100010001110011111001111101100010011011110011100000110010000011010 0
000110101000100000111111101101001010010110101011000111100010110111110000000101001000010011 0
000111100110110110111010000010000010100111110001011110111010010010010100001101000110011111 0
100100010110111010111011000111100110111100000101011100000001011000010100100101100010011011 0
100100110011001100001011000011111101000000100100100011011000011110110110111101111100000100 0
011001111010001100111010110000001000111100100010000111101101111110101011101101001000110011 0
001111010110011100100100101110110011110101101101111110000111100101011011000110011100100110 0
001110101011001111100011011111010111101101001110001010111100000011111100000110110011010001 0
010111001101101011000011100101110001101001111100000000010001100100110000010100010010010110 0
000000100101111101111101001110100101111101000110001110110001011101010111011010110011001001 0
111011011100111101001111110011000100001011000001101110011010111001010111010010110000001100 0
111110100010010100010110111111110000000100111101101110010101110111111001010100011110011001 0
100111010011010110011100111111111101000011110110011101100111000110011010011000001100010001 0
000011010100111100001101001001011110011000011111110100000011110001000001000101110101111010 0
001000010011000001110001110101001101100010110110101101000010100010011010001001011000100001 0
011011000110110011000000000010011110100111001000111111010011000011001100001101010100001011 0
111101010111110111100000011100011010111100011000010010001111011110101001000111110110010101 0
000000101000010001110100110011101101110010001101010000011001111111000010110000011010101001 0
010101100010110110101001101100101111110111100110110010000111101101010001011000011110110000 0
000101111010001000111010100110011101011010011001011110100001000110100001001101100001011011 0
000111011010101000110111101000000010101001111001110111100000000111101010101001011010000001 0
010101011101000100101111111110110110111001111100110001100111110101011111100000011000110101 0
001110101101001000101101111001101010011001101000010010101101011111000100010110100101111101 0
010001001101111011011110101011010010111001111000001110000101011010110010110010010111110000 0
110111001011001001111001011001111000110011110100011010111011110011000001011001010111101100 0
111000000101100101111001000100100000001011001010001110010001111101101011011111111110111101 0
111010110001010111101011111010101000110110010011001101010111001111000010011010110100011001 0
010001001011001101010100110111000001101101001111101111110101011111011101000001111001110110 0
110010001001001000010011011101011100100000110011110100001111000110101101100000111101101011 0
010100101001001011101010010011010000010000101000010111111100001001001001111001000011001101 0
010111110001110111111101110011110101100100110101111001100101001011101001010000011100010110 0
101001100100010001010110010101111111010000000110011011110100011001100110011000001110001011 0
010011101111100110110000100101000000110001111000010000111101001101110111010111010000011100 0
001110001100110101110110100100110101110000001111000010100111110100111100100011101100110000 0
111111001101011000101011001011100011110000101000010101000001111011100111001110111011111111 0
100111001010010100101111000000010000100101100101111100000000011111110100011011100010010101 0
001110000101100011111011001100110000010101001000111010101011100101110000100000010111001101 0
111100010010111111101111110011011101100111000101011000111110101011110101001011101001011100 0
101100010111101110011011000110101001000101011111010100000001110010110100010001100100101011 0
001011100010000001110110011000000101110111101001100111011101000010000011111010100001100010 1
100000000000111101001000001001010010110110101111000000001111110100111101001111111111100011 0
000100011000000111000101101110101111101001101110000010100100110001011111001111111110011001 0
100000011101110001100011000101101001000110001100010111000010100000100101101111100110010011 0
011000100000111001101011101110010010000001000000101000011110010011010000100101011101101010 0
111110100001111110111011110000101010011111000110001100001001011011010101101101101010000100 0
110101111100000101100100000100011101001011011000110010010101110101001100011011011010111101 0
001100111111100101110000111001101010001110011001100000011011101000001110011110010010011110 0
010111100110110000010000001111000110000011000001000001001100100111110111100100011111000110 0
000001111111011111000100100010100100110001100001000010000001011111101101000000000011011001 0
001110111001101101111100111110100010001011101010111001000110100101110111001000011110010001 0
100000010101100100110000010111101010011000110111100111110100100001000000010001111010100100 0
100101000000010011011001101000010011111110011011010110000011010011100101100000101111101000 0
011001011111011011001110111110011100001010111010010110101011010000010111100000001110100011 1
100110101010111111000111001011001000010101010110010001101100001101010000000011010000010100 0
011010000011011110100000000100111011011110000111101100100100111100001111011000110001011001 0
010111110011000010101010001111010001110011100001001100101110011001110111111110010110000110 0
110111011000110000000110110010100101000101010011011010001010101101001100001001100001000001 0
111010100000001000001000100101101100110110110100100000110101101011001100110000000100110010 0
000011000101111101101001001010110110010110001111001110010011000011010001001010111100111110 0
100111001011110111000110001111101110010001111100000001001100010110111011100000001111011011 0
111101010010010011100011000010111001100111111010100101010011000100011110001100011001000010 0
100110101011100001000101110100010001100001011000100110101111101101111100001001000011000011 0
010000111011011000000010100111001101110010011101101011001010110000111000000110100001101000 0
001000001000000110010100001110010110110110110111111101111100101111110000011100010100001011 0
010111001001111011001000001011110101011111100001111110110000111000101110001101000011001001 0
000000101011100000000010011100100100110001011010010100101011011001001001100111110100111110 0
110101100101111000111001010111100100110111100000111011111000100110000001111111100101001101 0
110010010111000001101011110011001000011101001101000001110101001101100110001111111110001011 0
010111100010011101000110100111011010000000001010100111011001110011111111101101111100001000 0
011001100110011110001110011001100001101010010111010111110110000101001100101110110111000011 0
011110111011111111001110100111010000011011110001000111001011000001000000101101101100000001 0
011110101101000011110010010001101110110001111110000001001011001111110010111000110110001100 0
000101111101011001110000101011110110001111011111110110101110001010010101100000111100111000 0
100110001100001001110010011011101100100010101001101100101111001011001111101001011100110101 0
111101110001000000011111100011001111000110010110101010001000100001001010101111001100001101 0
001000001100001110111110101000100010011101101100111100110011001100100000111001000111000000 0
001111111110111110010101100000110001011110101011010111001000001101001100010101001110000101 0
110010001001011110001111110001010011011111011110010100111111010001101100000101000010001010 0

100 100
1001110101110010100111000101110000111000101100111100000110000010001101111000101010000010010011010100 0
0000001001001001100010101000011010110000000101111110101001100011001101101001110001111001111010100011 1
0100111010001011000100000010100010010011000101000010110101111111000001101111111110100110111001101101 1
0101000111000100001111001010101110010101011101101001101001111001010001000110100000100101010101000110 1
1000001000111110100110100101001101001110101110101010000000000100101010010101011111111101100110100011 0
1001011010101110111110011110000111010111111001010101100111111110010111000010111111000011101000101110 0
0110011110000100001111110101110101100011000010010101010111000010100001101100000010010001111110110110 0
0000010010110011100010111011110010011010000111000001011000110111111110101110110110001101011000110001 0
0101000101100111111001001101000010100010100110101001001100000101111011011101111000100010010000000101 0
0001110000001010110101101100101001110000001010001011110000100001110110101000000000101101011011101010 0
1011010000101111101101011101011111100100110001100010011100011100010101110001111100101110111001011101 1
1101111000000001100010100011011100111010000000100101110011110110101001001111101000111111110101011111 0
0011110100100101010110110001000001110101001011110010001011111111100111011010111010011110001000110001 0
1101000110000111010100101001010100010100110001110100110110011110111001000001110110101110101010000100 1
0010001000101110111110010010101100011111000111001110111001011101100001001011111011000000101010110010 1
1011001111000110111011110010000101101000101110111010101011011001110010110000001100000101000111100110 0
0110110101001011001011100001100111111101000001101010100101011001010100011011100101101010101000101110 1
0110000001010010011000001101001010110111010001100001001011101000011000100010100000110010000100000100 1
0100001001000101001000010010110100100000010000111011100101111101110100101100001100010111000101110110 0
0010110101101110001000011000100111100110000011011100001101010011101100100100111001000000100101011101 0
1000001110010010010011000101111011101010011100100111110110001111001100010100010011101110110111011110 0
1110110000110101001010100001100010101101001011100001011011111010000101101000110100001011100101100000 0
1001000110110010100101010010011111010111100101011011111110000111101110000011010111100000000011001110 1
1010000111100110111111101100101011011000011010101000110100111100001111011110100000001010101011010111 0
1010111001001001100010110111000101111011101001101001010101001011000100010110110010110100011110011101 0
0110011101001000011100101010111100101001000100111001110001010100101001001010011011101101100110000111 0
1111111001101010001101001110000111001101101000000010101010010001100010000100011010100001000000110100 0
0001111000101111101111110000000000011111100011101010100010010000000011110111010011010011010010110110 1
1100001101111010100011110001001110110010101101111110000000100111110111111001110101111110110100011100 1
1101111000111011110010010101110000001101111010111010000010011010010100110001010110110101000100101110 0
0100110101001000010000001011111011000110000100000000000001111010100110010010110110100100011111101010 0
1100001100101100100010101111011011011111101011001001011001100101001010100101001011110010110001101001 1
0101011001110111010100110000011011111111011100000000111111101000001110011101000010001111001111111000 0
0000000100000011101111010101110010010000000000110010111011100101101001000100110101110011000010011111 0
1000011011000101101101101010111011110011111010100010100100111000011011010111101101111000001101100010 0
1100010011001111011010001111011101100101101011110011000111010100010110000001111110110101000000000011 1
0100111000111010010010000100010000010110001101000001111101000010111110110100000011100110010101111100 0
1100100010100101001000000111110000111110000010100000100111000000110011010011001001011100000111100101 0
0010100100010111010001110110111110110100100001100100001111110001000011111111001000100011100101101110 1
0101011111110111100110001010111111010101110111000111111000011110010110000111001010100000001000000011 1
0111001010111110110010011011000011101000000011011010111011111011101111111111110001010111001000101010 0
0110101001011110001111100110011100110000101000001110010001010001010110101101101001100110111111000111 0
0101111011000000101100011000111010101000000010001111000100100001011000000101110001101010000010111111 0
0111010111100000101001101010011000101110011111101001011100101000010000011100010101000110000100101000 1
1110111010001010110100101001001110001101111010110100100100000001001010101010101110110100000000010111 0
0000111100001101101011011101010011100010101011110011010110010101010011001111100111010001111101000001 1
0010101100010100011100111111111111101010001011111001111000111110000110110101011111101001001010010101 1
0111101011110000010000101010101110000100001001000111101010001110111001011111000011101110110011100001 1
0011101100011110010100011101111010100101100011111111110100001100111001111101110001111101011101001101 1
1110101011000110010101101110100010100001000001000011001100010000010111011001001010111001000110111101 0
1001011110011100110001100000110010100111110001010110001111100101011000111101001110101010100110111010 1
0100100011111101001000001100101111111010100000001111110100110011100101100100000111010001010011000010 0
1000100101100000011101011010000100110010100101000110010011011000001000010110010001100100001000000100 1
1100010110111010011111111010010101110101000100001110011110111010101101001111110001100011111010000110 0
1000001100011001010101001011110000100010010100101110010011101101111000000000010001010011001111001101 0
1111110010100000110101001010100011111110101101011001001110000000111010101001101001000101001001010101 1
1011000011011110100111101001001100000100001110100011101011111011011101100011010011100001100101011001 0
1011111011100100011000011101100000111000110111110110110010100010000110101100011100100101001000101110 1
0001010001010010100110101110011010101101000111101111101110111110100000101010100111011100111000010110 1
1101000101011100101111110101000111001110011010000010111101000101001110100101101101100110000010011100 0
0001010101111110110101001110100100011000011111100110011100010011110000001010100111000110110001110110 1
0000111110110111001001010111000000001111000011001101000010110100100100000000100110010111100110111001 0
0100101000101100011100001111101110110111101010001111110111000001010001100101111000000011111111111101 0
1110001100100100011011100111110001100010010001010011100111000111001001010110001000011000101010100000 1
1110100110100010010000001001011100110100010011110101101000101001111111111110000110000100100000010111 1
0010100001101001000001111010100000010010010110010100011110110110110111110111111101000111000001110110 0
0110001011001100000101100001101000001100011101001010100110001001001100001101001001001010001101000000 1
0011001011101101000011010110110111001100111001011011100111100111011100011100001100010011101100101000 0
0101101110111101011010011110110100000111111001000101111100111101001011000110010000011101110010110111 1
1000100001001100011101000111101001111111010110111001110001111100011001110101100101000000110100111011 0
0000111100111111111110111001101001010100001110010101111001011110011010110001100100010100101011010011 0
0001010101101001000000111011011011100110001001110110111010111001111010010110101111110011011011110011 1
1101000101010110100010101011101111000010111110100100010101110001001000010101111111110000110100101001 0
0111100111001101110110111101100111001010110001100011000111001110010010001110000001101110000111110011 1
0111011111100011110111001001111110010101000001011010111011111000111100010010011110110011010111100010 1
0100100001001101001100111110100111101011110000000101010100110001100001010000000110011010001000010000 0
0110110111101010110011011011010001000011001111100001110011110111011010111110000001010011000011110011 1
1100000000110011001001011111110000000001010100000101000100111111011011111001001011100010001100001100 0
0110000010010010110001001010010000000010111110101101001100111111100001010101111000100011000101011010 0
1110001101000000010011010000100101100110010100100001110111001011111101100110010011100001101001010110 0
0010010100011011000011001000101110111101100101011111001100110001000010110001100111011101100001111010 1
0110100001111110100110001111010011101101000111100101101110011010101011111000101111011100101110101010 1
0010000011000111111100001110000001101110010001010100111000000000011100011011010000111001001110111000 0
0111001001010000001010111010110100000101110110010110111010001101100100011000101111100111110100010010 0
1100011000010011110111110110001110111001101100001010001011011010000110000110010111010111001100000011 0
1101001110100000000010010010110000110001110100100001000000011011010011000000010110010110111011110001 0
0010000101110011000110101001000000000110001011111100111101001111111101111110011100101011010101110001 0
0011111010111100000101010111000001101000011101101101100110010111001101101001010110100111101010111011 1
0001001100001001010000111001111011111011011001101101010110110011101100001001111011010000111110010100 1
0010100000110001100011011111110111000010001111001000101010101001101100101110010010001010001001101011 0
1100100000001011101011000011000110100110010110010111111100000011000011010101100101011101111110000001 0
1110111010010101110001001000011101100001000010101111011011011111001011011000111010011110111010111100 0
0100101110010101100000100111111111100111111111000100100110001010101110100011101111101000000101000111 1
0010100111011101111110010011101000001010001110001110111010111011111001001010010101111110111010000100 0
1011111010011100100000100000000100011111110110100100011011000110100011111100110010011111101110100100 0
0101101001101011000011100100101111101011101010111110000111101001111010101000001110000011101101010111 0
0110010000100100010001001100000011010110110100111110000110000000011001110100011111111110010011010000 0
1110110010101111011101010010011100111010010101001111110111110000001100001011001110000011101101101001 1
0100110111011111010101110010001001010101001010101011101000000100011101000101001100111011000010101011 0
1001011010011001101100101101011111001100011110100000010100100011001110111010000000011101111101101010 0

100 100
0110001100001011111101101001010001011100100101001011101011010001000100110100110011100101000110011001 0
0000110001010010111100010001000001000100011010101011000100011111001010011110100011011000111000100101 0
1000100000011011111000000101000101111111101100011110110111011110001101011101101110100101000011010100 0
0111001000100000101010001001101011101001011110100101100000000100010100101010010101011010010110111111 1
1000010100001011111101011110000100101110010100011101011100010000000110111011010111010110111110110001 0
0011001011100100111000010100100101101000111011000100001001111110000101110011101110110000110101101111 0
0001100000010110011101000101110110000110110101100000100100011000111100011001110100110110111000011101 0
1000000110010110001110110001110110100110101110000110111010101010010100100011111101100101111011000110 0
1001000110101001100011010110001101001001011111011010001010110000101101010101010110110101110010000110 0
0110000010100100001111101001100011001000101111011100100000010010100100110011110001011001100100110100 0
0000010000001100101000000110100100101101010100010100100111101011010000101101101111111100101000001000 0
0000101100001010111010110100100100101111111110110011001111101100110001000110001010111000111101100101 0
0010000001010111011110011110001000100100100101000111001110100001011010100110010000000101111000101010 0
0001111100110110011011011110101001111001000010001000101011001100111000100011011111001100011001011111 0
1111101100010001000011000011010100110000000010010010100101100100111011010001000101111100010110101100 1
0100101001101010110111001001111101011111101000010111011111000000100111000000010001100010000000110100 1
0100111101000100010011011110010100111011111101001000110101110101110101010011111010111101010000110000 0
1110101010110001101111110100110001010111000000010101000011000000011000101011011101001110010001000100 1
1110100011110110000001000000100111111110001111101101011011011101010011011000110011010101100010100101 0
0001010100011011111011110010011011000011010011110010001010011110010110001001010001000101100011111100 0
1001100100101001100100110001011110000010010010100010011010111110111100001000101100001111100011101001 0
0010000101100101010001010101100000000000010000100000111101101101100100101101001000011101111011001000 0
0101110111111100000101011010010011100111000010010010011111110011101110010011001000101010111010100111 0
1100101100100011101010000000111000010000000101010001000100110100100100110101100100011001111101111100 0
0110111010100111011100011100110101110110100101100010011100111001101010001011101100101111111011101000 0
1000001100010011110001011110001101111000011010101101100010010100111010011110000100110111111111001100 0
1100010000000110000011100101110000101111011000100100000011000010000111110000111101101001101100100100 0
1111110001000100111010101001001111010011111010001110100011011101000111001100100011110111010010110101 0
0001001110001111010100110011110100101010010000111001011110001011101011010011010110111000000111100001 1
1000001111001110100100111011010011001110010111101100111011010010110001000011000110101110011011010011 0
1010011011011110000010111101010110101100001001001111100010111011001111100100000111001001000001100011 0
1011111100111101000000000100111101010010000110010001101100111001111010010001011111001111101111000101 0
1101111000111100010001110111100011000100111001011011100011101110011001011011110001111111101000101011 0
1100110110110101000100000110101010111100111100110100101010000111100110100100111100100000000011011000 1
1111011101001001001100101111011100011101010110111001001010111000101001000001011111101001110011001111 0
1101101110101001000110011011000110000101110110011010011011111101011001000011011110011110000000101000 1
0000010101011000000000001100010010001011110001001101110000101101011110111111001110101111100110011111 0
1000110011101010100100010010101001010010010111011001001000010110011101100111110010010100101100100010 0
1001011111100100001100001111001111110001110110010110111010110001110010110101100111011110111111111110 0
0010001101101110000111010101110111111010100011011001100000111100110011001010111101011011010100111100 0
0011101010111111100111001011111000110110111100001010100100011111010000011001001111001011010010111011 0
0001010010001010001101111000011010111000001100100010101111111100110010010100110010010001111001110110 0
1011101111111100101110101010110011101011000100110101101101100101001001101101111101001010100110010111 1
0010111010110011001101010010101011000111001000101111011010110011110001101000100010111001010111010010 0
1011111011001101000010101011001010100001100110010001011111001100010010100110111111011000100000101100 1
0110100000011010011101000101000011101111111110101011011001111111001000111001001000100100001011101001 0
1110011010001001111111100001101000001001011111000011110110001101111111010111011111000011100010111000 0
1000111101000100101001010101100100111011111100100100011000000011000101001011011000001111111010110101 0
1010001011011000011101111000001100110010101001000000111001001110101000000101111111001101111000000100 0
0000111001010011110001111111110110101111010011001011000111100111110101000101001110110100110100101111 1
0110011100011101101000100001110111110000111001110110110111010001101101010111110100111100001100010100 0
1001010101001110010110010000010110010100001110100111111111110000011000100010000011010101001101100010 0
0001011011110100001000100010101101001100011001000010001010100010100010100000011010010101111111101110 0
0000010001011100001011100111001000001111010000011110001010100100110001101101100001100011001010001001 0
0111000001000110100101101100011001111111010111101101111010111011100011001010100000110111100011101010 0
1100110001001111000110101100111001111111011010110011001010001110101011100001011010000100100101111011 1
1010011000000001001101001110001100101100110010110010111010111001100010001001010011111010001111101100 0
1111110010000111111010101001111100010011001011110011000010101011111110000100001000010011000001111000 0
1001011010110101110110100111101000001110001010101011011000110101101010010101111111000100101011101001 0
1001101100011011101001010110011111000110011111101011110011010101001001000010100011101100001011101001 0
1110110010000111011000011110100111100100100111011111110000110101011101101110101010111111100111000111 0
0011101000000111100011000000011010011111001010001010110111010100001110010000000101100010111111111001 0
1001001100011010000101011000001100110001000001001011100000100001010110000001101001011001111111000010 0
0101100001000011110000101000010100010010110001111011001101110100101100110110111010110101000110110100 0
1011111000010001100100000010110011010110001001110100110111101100101101001101100110111000100011101001 1
1010101001110101110010101011010010000010101110101110100101000001010011001001011100110100101111110101 0
0001000010110001011110000100000000010011010110011101011001011010011000101111010111010010111101100010 0
0010001001110000011100001110100001000100001101100010101010010110011001001111011011101010011000011111 0
1000110001000101110111110001101001110111001111011000001000110000111001101010101000000000001001000100 0
0111100001111111101101100101101110101111000010110100000011101101111000000000001011011111011101010000 0
0011011110101011110101001111110111000110100100011001111000010001111100101011011111000110111110101011 0
1110101110000010101010000101111000011000001000110001001111000111010111101000011011101010111010111101 0
0110010011101000111010000111110101101110100001010101101100111100100011001000111001100110101101111111 0
1110100110111011111110010101010100000011000000101110110100100100100101011110100011010000110110100001 1
1001111011010100100000111111110000111001100110110110011101010110110110010000001010111001110000011000 0
0011001000110010011000000001101111011101110011011111110100010001111001100101100010111101110011100000 0
1101000101101110010000011111010100111101001110010010010011111101010111011010011011110111010101100111 0
0011001011100010110100101010101000100111001001010000110011010010001110010010101101111100101100111000 0
0000010111001110110000100011110100001001001100110110100000111111110110010100111110100001000111110100 0
1011100011000110111110111000100001111111111110100101110010000000011111000011000010001010110100001110 1
0001010000110101111001001001101000101101011001000100101001101101111000001110010000011101111001010101 0
1011101111101110110011011011010110000110000011001000011110011110110111111111101000001110000111000011 1
0111000100110111111111000001110101010100101111000111101101010101010000110000100110000100000110001001 1
0101001101101101100110000000011100000101011001110111111000001111110000111011101100011011010111001001 0
0101111100000111111101010001101101111001011000111000101001110010001100001101110100110010010011011101 1
1010111101001101110100101110101000101011010100111110100001011110100011110100111100111111010001010011 0
1101001000101000111111110110101011100000110010000111010001100001001001010011111101000010000001101101 1
0011100000101111101100101110011000111011001110000100111000001011000101001010011111100011011010101011 0
1001011010101100111010001100101101001100000110100001101000010100100000000011010010101101100101111111 0
1110111101010101000110011101010000011101100100001000001001100100101001110000000100101001111110100010 0
0010010110011000001000110111101111110100011111110010011100011110001100101010001001000110111010011001 0
0111001000001001101011101100101100000100000101111010101101111111111011011101010100110000100111000001 1
1101010001101001100000111001001111010111001111000000000100100010101011111000000011011011001100110011 0
1001101110101110001000100001110001111100110000000111101111001101000110001001000111001110100011111100 1
1000101101010010000101110001111011001101100111111000111110001100001111001000111011000011011101101011 0
1111111011100111100100001011000001111000110001100110100101000000111001010111001000010100001001001001 0
1100001000100101001110110011000110110011001101000111010010110101100001110000000010111110101111011010 0
0010010010000101111000010001111110101100111001110100100100110001111000101001111101001011001011001101 0
1110110011010011010011101100011001000001101100001111001110111111001000000111101110010111101010010101 0
1010101000111111101000100111010011001110101000010111101110000001100111101011110100010100010010110101 1

100 100
1100011000110111110001001010011100101001111100011001001101100110110010101011001101101010110100111110 0
1010100101110011011000100111001000011011100100101001001010110110100001001011001110010101110100000000 0
1000101100110110111000010010010101111001011110101101100101101111000100110001011101010100011110011011 0
1001000001100100001100010101111011110110000100101011000110000111101100101111011111001010010011000110 0
1000101111000001011111101101011011001000101111011100000110001100100000111000101010000011001111100010 1
0001001111001001100100111001010110010001100010100110100110011000011111000001111100001010011100101010 1
1001000111110111101100000101101001001000010001110000000110000000101111110110101101101110100000011100 1
0010100001100001101101100111101100010000010000010100110110000110111101101101100001010101101111100010 1
0001110010011100001101010110101101010000101010010001100110110001010010001010010010101010011010111000 0
0011000010110011010001111010011110000001010100001011000101010100100110010100110011111110111101111100 1
0000100010010101111000101111011001010001100101010011001011100000010010100010101100001000110101000001 1
0100111010011000000101100100101111111010110000000000110100110100011100010010010010111101000010010110 0
0110100110101010000000011101011000010001101001001001110000100010010000110011111000111111001000000000 1
1111100110110101010011010110110001001010000010100101111100110100000101110111011000111001110100100011 0
1101011000010001010101011010011101100011010110001110001100101011100001110100100111111011001011101100 1
0111011011110000011001010011101010101001110110110110001000110110100100011010001010010110010001010000 0
0001011110111001100110011001110110101010101000100111110100011001011100010111101100010000111011101011 1
0101110011011011111000000001010110001000100011000101001001110101101000010011111011110010101111101001 1
0001100010001111100001011110110000110110100110010011010100101101010000000111110100001110100000001001 1
0110000100000100010110110111000010110100100010011001000010110101110000010110111110010011001001110110 1
1010110001101111011010111011001100111100110011010110101010111001001011000011110000010111000101001100 1
0011000011011001111111010111000101011010111011000101000111001010111010011110010000111100100011000110 0
1110100101001110111001011111001000011101001101010110011101111011110001101001100011011011100001011011 1
1001100001010101111011001010111011101011110101110010100001010000110111001101011010000011010010010101 0
0001101110000001110110101011110100110011011010101110011110000010101100101011001001000111011010001101 0
0101110010011011000011011010110100101100100001100101000000001010000100010000111111110110100100110100 1
1001001010100000010111001111010100000001000000001101001100001001000000010011001111010100100110011001 0
1001000000111001101100010011111011111011000100100011010111000101100001000010100111010100010101011101 1
0010001111101111001110011010111010010111101011101110111010011110110111101000110001010010011000011010 1
1000001001001101111110110010000001001101110000111100100001001001111100011011010000010010111001110101 0
1100101011011000100011111011110001001100001001011001010111011111001111101000101101000010001110010000 1
1101101000100110000001110100100110000110101100000001010001001111111000011111111011110110000011100000 1
1100011000011111001100111000000110101001001110010001010110101010010010100011001101001010110010011110 0
1100101000100101111000010111001110110110100110001010011000101000011000000011000001000101011111101101 0
1110111011010011110101011010101011000001100001100110001101111110000001111110000011001111010100100000 0
1110010010010011101011111111111001000101100101100001111100010010101111000100010010000110100101011100 0
0010111001010010110110010001100001000100101110101110001001101100000000010101010101001100100010000000 0
0111010000010011101001111110000010111000001000010100110001001110100000010110011011100101011000011011 0
0000100110001100011000001110101000000111110000001111011100101001001011000011011010110100110010001100 0
0011000111100010110101101100101110010001010001011001101111100001000011010010110010010100110100001010 1
1110100010101111011110010011101010000111100011011110111000111110101010100111110001001101110001101000 1
0110101011011010111011110010010011001100000101111010101001000001001111001011110010010011111110110010 1
0101111001101110101010000101111101110011101100110001001111000100011011101011001001111100000110111110 0
0111101010011000100100011000101110000101111011000010100000010101100000111000000010000000101101111111 1
1111111110100000000111110001101010101100111111100111000000110001010100011101011000101101001001010001 0
0001110001010011100101000011000000101000101100000110011110010011011011001100100011001110010011110011 1
1101001001000001010000011000001011101000100100101101110010010010100100110110101011100101111010001011 1
0010100001011111011000010001011000010000001100001100101001101001000010011101101100110011011110000001 1
1100001010110001000011101100011100100001010111001000100111110000010111000110010110100110001010011101 0
0110000010101001101001011110011000000101111010010110010101000101011000011101100111000011111110011011 1
0101100000001000011110000111100101011110110110111000010101010100001110110101111111110000111101100011 1
1101000011101001000011111111110001101001111001000001101010101011100000100100000001001100100101010010 0
1101011011100101001100001111110000101001011001001100100110011011111011111001100110110100101010101001 1
0001000000100011111110100100111111010110100001100010000011010101110100110011101000000010111111000110 1
1001010001001010000011100001111001101001101100110110000001110110011111000010001110111101011100111000 0
0110100110000101101110000010010001010111111111101011001000001110011000110111001000100000011100101110 0
1011100001000100111100000001111001011010010001010100110110100000101111110111010011000001111111110001 0
1100011101110000001110000110011101110000010010100011101111110011100110111111101110000010101100011000 1
0110101010000001011110111100000011001110110010101010001101101101011000001101111110111111001001100001 1
1110011100011000111100101000111000001011000100110000000000011111101001101101110100100101000110100000 1
1100001001100100011010010110100110101101011001110010011000000010100010101000111000000110110001010011 1
0011001110111101011000001011001000100100111011110111111011011110110000010101110100011001100010001101 1
1001000101001100101000010111000100101111001111001101100110010010101010100011011111100101101110000101 0
1110111101110000100101011011110100101011101001001011111000110000010100010111001100101001001001101111 0
1100101100100001011010111010101110100000010011110011000001001010001001000001110101000000110011111011 1
1111110110011111100110100011001110000011000011101110010011101010101100010011100101100000110101111000 1
1011001101000001001101000010010111111001110110011101011110111110001101010001110001110001010101101011 1
1100011100101011010000100001011111110100111010110110101101101010111001010111000011001101111010001101 0
0100011011000111010101111111000011010100000011100110011001111110001111100101101111000100011101111100 1
0100010111100100001110001010111101000001110000001110000101010100001101000000100000000110011101110000 1
1001101010010010100001100010111001010111110111111111000101111001000011110101000111101110001111011011 0
1001101101001100010110001111100100010101111001010101100011110100100000111010111101011001010010000000 1
1110100001100000001011001111110011100110100100110010100011001010100111100000011101111100100001011011 0
0010010110011100000100100101010010001010011100100101011011110010010111000110110000100001000001000011 1
1111111000000110011011010110110101010000001000101001000010111101001101101011001001100111100010011101 0
0001011110110000111110100111001001000111100100101110100100100010110100010011101010100100111110101011 1
0100111000110001101110000001010001010000010110000111001001000000101001010001000011111001101101100100 0
0011110110010101001100110010110010101101000010111011100101100100110100000000001100110101111111100010 0
0111111010101011000111000010001000111011111010110000110011010110111111000101101001010011000010011100 1
0010110011010011100101101110010111101100010111001010100011000111001101000010110000010000100111001111 1
1101111010110100000110101101100010110111100100101010000001111110001011101111111011011111000101100101 1
0101011100011011100111010010110100001110011100011110011010101111101010010010011100100011000111001101 0
0100110111110000111111101100101110101100010010001000110000110000010000011011001101110101110011000001 0
1000111111110011010100111110011101110100011000101111011100100010111001001101001110111010000010001101 0
1010011010110000010100110011100001001100101000011001010110010110001111011110111111010100111100100000 1
0011101110001010100011111110110111111000100001001000101111100100011111101111011000010001111101100010 0
1000110011011001010100111010110010110111010010101010001110101101010001110111101101101000010011110111 1
0000111011100001000100111000111111100001101100110100111111100011101100000010001011110001011010000111 0
1111100111001111111100011011100101010011011101010111010110000110000001100110001010111000011000100111 0
0010110111000101100111011100011010011000101101111111010100101001100000111011100011110000000000110100 1
1100111010001010010011001110010000011010000101101000110000011110111111111011101001110101100111110000 1
1110101110110010011111010101001110011100011000001011100010110011010100100100110111001001010011100011 1
0110000110000001010001000001010001101100000011110000100100000010001111011010110110000011101100100000 1
1011011001111110001100011111011111000000111110110001000111111010110110110001010110010011101000101111 1
0100101011101111100001111011100110110011101010101001110111010001000001101000000101110100101101001100 0
0100100001100000000111011000100000011011110110010001001111101001001110101101100101101010111011010111 1
1011110010101001001110000010101000110111011110000011011010001111001000101111101100000111110011011111 1
1011110011111111001001010001111110011010111001011111010000111001100001110001100111010110100110001001 1
1110011111000110001101011010000011010111011000000100000011011011110101001101110100010011111100010010 1
0111110000010001010101000000110101011001100100001110000000011100001111101111001111111001001011000111 0
