10

96 100
100000000000000000000000000000000000000000000000000000000000000000000000000000000000000000000000 1
010000000000000000000000000000000000000000000000000000000000000000000000000000000000000000000000 0
001000000000000000000000000000000000000000000000000000000000000000000000000000000000000000000000 0
000100000000000000000000000000000000000000000000000000000000000000000000000000000000000000000000 0
000010000000000000000000000000000000000000000000000000000000000000000000000000000000000000000000 0
000001000000000000000000000000000000000000000000000000000000000000000000000000000000000000000000 1
000000100000000000000000000000000000000000000000000000000000000000000000000000000000000000000000 0
000000010000000000000000000000000000000000000000000000000000000000000000000000000000000000000000 1
000000001000000000000000000000000000000000000000000000000000000000000000000000000000000000000000 1
000000000100000000000000000000000000000000000000000000000000000000000000000000000000000000000000 0
000000000010000000000000000000000000000000000000000000000000000000000000000000000000000000000000 0
000000000001000000000000000000000000000000000000000000000000000000000000000000000000000000000000 0
000000000000100000000000000000000000000000000000000000000000000000000000000000000000000000000000 1
000000000000010000000000000000000000000000000000000000000000000000000000000000000000000000000000 1
000000000000001000000000000000000000000000000000000000000000000000000000000000000000000000000000 1
000000000000000100000000000000000000000000000000000000000000000000000000000000000000000000000000 0
000000000000000010000000000000000000000000000000000000000000000000000000000000000000000000000000 0
000000000000000001000000000000000000000000000000000000000000000000000000000000000000000000000000 1
000000000000000000100000000000000000000000000000000000000000000000000000000000000000000000000000 0
000000000000000000010000000000000000000000000000000000000000000000000000000000000000000000000000 1
000000000000000000001000000000000000000000000000000000000000000000000000000000000000000000000000 1
000000000000000000000100000000000000000000000000000000000000000000000000000000000000000000000000 0
000000000000000000000010000000000000000000000000000000000000000000000000000000000000000000000000 1
000000000000000000000001000000000000000000000000000000000000000000000000000000000000000000000000 1
000000000000000000000000100000000000000000000000000000000000000000000000000000000000000000000000 1
000000000000000000000000010000000000000000000000000000000000000000000000000000000000000000000000 0
000000000000000000000000001000000000000000000000000000000000000000000000000000000000000000000000 0
000000000000000000000000000100000000000000000000000000000000000000000000000000000000000000000000 0
000000000000000000000000000010000000000000000000000000000000000000000000000000000000000000000000 0
000000000000000000000000000001000000000000000000000000000000000000000000000000000000000000000000 0
000000000000000000000000000000100000000000000000000000000000000000000000000000000000000000000000 0
000000000000000000000000000000010000000000000000000000000000000000000000000000000000000000000000 0
000000000000000000000000000000001000000000000000000000000000000000000000000000000000000000000000 0
000000000000000000000000000000000100000000000000000000000000000000000000000000000000000000000000 1
000000000000000000000000000000000010000000000000000000000000000000000000000000000000000000000000 0
000000000000000000000000000000000001000000000000000000000000000000000000000000000000000000000000 1
000000000000000000000000000000000000100000000000000000000000000000000000000000000000000000000000 0
000000000000000000000000000000000000010000000000000000000000000000000000000000000000000000000000 0
000000000000000000000000000000000000001000000000000000000000000000000000000000000000000000000000 0
000000000000000000000000000000000000000100000000000000000000000000000000000000000000000000000000 1
000000000000000000000000000000000000000010000000000000000000000000000000000000000000000000000000 0
000000000000000000000000000000000000000001000000000000000000000000000000000000000000000000000000 0
000000000000000000000000000000000000000000100000000000000000000000000000000000000000000000000000 0
000000000000000000000000000000000000000000010000000000000000000000000000000000000000000000000000 1
000000000000000000000000000000000000000000001000000000000000000000000000000000000000000000000000 1
000000000000000000000000000000000000000000000100000000000000000000000000000000000000000000000000 1
000000000000000000000000000000000000000000000010000000000000000000000000000000000000000000000000 1
000000000000000000000000000000000000000000000001000000000000000000000000000000000000000000000000 0
000000000000000000000000000000000000000000000000100000000000000000000000000000000000000000000000 0
000000000000000000000000000000000000000000000000010000000000000000000000000000000000000000000000 0
000000000000000000000000000000000000000000000000001000000000000000000000000000000000000000000000 1
000000000000000000000000000000000000000000000000000100000000000000000000000000000000000000000000 1
000000000000000000000000000000000000000000000000000010000000000000000000000000000000000000000000 0
000000000000000000000000000000000000000000000000000001000000000000000000000000000000000000000000 0
000000000000000000000000000000000000000000000000000000100000000000000000000000000000000000000000 1
000000000000000000000000000000000000000000000000000000010000000000000000000000000000000000000000 0
000000000000000000000000000000000000000000000000000000001000000000000000000000000000000000000000 0
000000000000000000000000000000000000000000000000000000000100000000000000000000000000000000000000 1
000000000000000000000000000000000000000000000000000000000010000000000000000000000000000000000000 0
000000000000000000000000000000000000000000000000000000000001000000000000000000000000000000000000 0
000000000000000000000000000000000000000000000000000000000000100000000000000000000000000000000000 0
000000000000000000000000000000000000000000000000000000000000010000000000000000000000000000000000 0
000000000000000000000000000000000000000000000000000000000000001000000000000000000000000000000000 0
000000000000000000000000000000000000000000000000000000000000000100000000000000000000000000000000 0
000000000000000000000000000000000000000000000000000000000000000010000000000000000000000000000000 1
000000000000000000000000000000000000000000000000000000000000000001000000000000000000000000000000 0
000000000000000000000000000000000000000000000000000000000000000000100000000000000000000000000000 1
000000000000000000000000000000000000000000000000000000000000000000010000000000000000000000000000 1
000000000000000000000000000000000000000000000000000000000000000000001000000000000000000000000000 0
000000000000000000000000000000000000000000000000000000000000000000000100000000000000000000000000 0
000000000000000000000000000000000000000000000000000000000000000000000010000000000000000000000000 1
000000000000000000000000000000000000000000000000000000000000000000000001000000000000000000000000 0
000000000000000000000000000000000000000000000000000000000000000000000000100000000000000000000000 0
000000000000000000000000000000000000000000000000000000000000000000000000010000000000000000000000 1
000000000000000000000000000000000000000000000000000000000000000000000000001000000000000000000000 0
000000000000000000000000000000000000000000000000000000000000000000000000000100000000000000000000 0
000000000000000000000000000000000000000000000000000000000000000000000000000010000000000000000000 0
000000000000000000000000000000000000000000000000000000000000000000000000000001000000000000000000 1
000000000000000000000000000000000000000000000000000000000000000000000000000000100000000000000000 0
000000000000000000000000000000000000000000000000000000000000000000000000000000010000000000000000 0
000000000000000000000000000000000000000000000000000000000000000000000000000000001000000000000000 1
000000000000000000000000000000000000000000000000000000000000000000000000000000000100000000000000 1
000000000000000000000000000000000000000000000000000000000000000000000000000000000010000000000000 1
000000000000000000000000000000000000000000000000000000000000000000000000000000000001000000000000 0
000000000000000000000000000000000000000000000000000000000000000000000000000000000000100000000000 1
000000000000000000000000000000000000000000000000000000000000000000000000000000000000010000000000 0
000000000000000000000000000000000000000000000000000000000000000000000000000000000000001000000000 0
000000000000000000000000000000000000000000000000000000000000000000000000000000000000000100000000 1
000000000000000000000000000000000000000000000000000000000000000000000000000000000000000010000000 0
000000000000000000000000000000000000000000000000000000000000000000000000000000000000000001000000 0
000000000000000000000000000000000000000000000000000000000000000000000000000000000000000000100000 1
000000000000000000000000000000000000000000000000000000000000000000000000000000000000000000010000 0
000000000000000000000000000000000000000000000000000000000000000000000000000000000000000000001000 0
000000000000000000000000000000000000000000000000000000000000000000000000000000000000000000000100 0
000000000000000000000000000000000000000000000000000000000000000000000000000000000000000000000010 0
000000000000000000000000000000000000000000000000000000000000000000000000000000000000000000000001 0
000000000000000000000000000000000000000000000000000000000000000000000000000000000000000000001100 0
000000000000000000000000000000000000000000000000000000000000000000000000000000000000000000001101 1
000000000000000000000000000000000000000000000000000000000000000000000000000000000000000000001110 1
000000000000000000000000000000000000000000000000000000000000000000000000000000000000000000001111 0

15 100
110110011001111 1
001111011000010 0
001010011001110 0
001110011111000 0
000100111111001 1
101010011100000 0
100111110101001 1
111010011101010 0
000110011001101 1
001100110000101 0
111001000100010 0
110001110110101 0
100000100110111 1
000010101110000 1
110100110111100 0
001010000101101 0
111001010101010 0
110011010000110 1
001101010100001 0
010111010010001 0
011100011001001 0
111100000011010 0
101111100000111 0
000100000011111 1
111000010011100 0
000000001000011 1
110010011100010 0
011011111011010 0
101001010000001 0
100001110010111 1
110110011011101 1
011110001101110 0
001010110001011 0
110101111001110 0
011100010010111 0
110101110010011 0
010100001001000 1
111101010000001 0
100000001001101 1
110101010110100 0
011011001101111 0
000110001011101 1
100000100000111 1
011001101010100 0
010100110100111 0
001101010101111 0
100110100010001 1
001110001011111 0
001100110111101 0
101010010000111 0
001111101100010 0
100011111111110 1
010011100000101 0
100001110010101 1
010011000010000 1
110111010111110 0
011010010011011 0
011100011001010 0
011110110111111 0
000110011111010 1
011101010010101 0
001000101011000 0
000000100101111 1
101001111001101 0
001001011011101 0
011001111111011 0
111010011100111 0
000100011101000 1
111100101011101 0
001011100011101 0
111001011000111 0
011111001110000 0
100000110010101 1
010101010101001 0
011000111100110 0
011000111101001 0
010110100010001 0
100000001110000 1
101011011011001 0
110110000110100 0
010111000000110 1
001000100110110 0
111101111111100 0
101011101110111 0
100101010101001 1
111000110000001 0
011001100111001 0
110110101000000 0
101010000000100 0
001110100100100 0
111000000100101 0
101010010001011 0
001101111001011 0
100001000100001 1
101000111011000 0
110100100110010 0
110110110011111 0
111101111111110 0
101111000001111 0
100010100011100 1

30 100
110011101100010110111101000100 1
011010110101100010001011111111 1
010110001011111010010110101000 1
001010011100011110110011000100 1
000111011111110110101100100101 1
101110010101000111100000111101 1
011000000000100011100110001111 1
000100100110001000001010010101 1
001011010001101010010111111101 1
100001000001111010001010011101 1
011001001000111111101100101110 1
001001101111100010110000111000 1
010011101110001110101111101001 0
110111000011000111001110100011 1
100011101101101100000111001000 1
100100010010100010010000100011 1
101101100101111010011110100111 1
000110010101000000001011001000 0
000000001011101001000101000010 1
010110111010110110011001010011 0
010001110011010101100011010011 1
110111000000111001111000101100 1
011001101000011111010110000110 1
011111011011011100001010110111 1
010100111010011101101100110011 0
110000011100101011101010011010 1
101100001111001100111010001000 0
001011010111110000110001001000 1
010111111100011001111111011010 0
001010101011001101110001110010 1
010111100011011110001000111110 1
101110110111011000000100111010 1
000100111000100000001001011100 1
000000011111010010001101110000 0
001011110010011010010111000100 1
101000111000001100100001101111 1
111011011011011001011011100011 0
110010001100001101010110110110 1
011110110000001111010010001110 1
111001010111111001000011011100 1
010110000111001111010111000011 1
010010110101001100101111001000 1
100011000011111011100011111011 1
110111011010101100010001010100 1
111100001100100010110100101111 1
100010010101111100011001011111 1
101111010011100000001000101110 1
001100001100001001111011001010 0
011111111101101010101000110010 1
111010100010111110110010011010 1
000001011011110001010010011010 1
001001101110001001100001000100 1
110010010101101101011111010100 1
101101100110110000001111100111 1
101111000011000010011100010101 1
001110010010010011110001010101 1
001010011100101100111111000110 1
010111101011001111101000100011 0
011100010111011101111011010111 1
011101011000010100010011100111 1
111011110011110110110111111100 1
110011110011101110111101110010 1
100101010010100010011001111100 1
110100101101111001000100010100 1
101111101101010110011001111101 1
101011111001101110000100011100 1
110011100100010110010000000000 1
010011110000000101100100100100 1
001001100100000010100110111101 1
000100000010011110101010001100 1
100111101000010101010111100110 1
100111011110011011110100110101 1
110111010011011110001001010001 1
010001101000101010010100001111 1
010010001101100001011001111000 1
001000101011101100101011100000 0
100011101001111110100001111010 1
000111001101011000010010011110 1
111000100100001100101111110001 1
100001011001010100101110011011 0
101101001001100101011100101001 0
111110010111111101001111000100 1
000011010010101111000111110110 1
110111011100110001111101110101 1
101010100010001000011111001111 1
001101001000010110111010010101 1
010000100001000001011100001010 1
011011000100001001100000000001 1
001100011001100000111101001001 0
000110101001011011001101001100 1
100110110110010011100010100110 1
101110111101000000100101101111 1
001111110100000001001011011100 1
000010111101100100010110111011 1
110111100010000001000101111010 1
101101111101001001100110101000 1
001111000000100000001010001101 1
101001101001011100100001100010 1
101111001100111001011001011010 0
001110010011000100111011010111 1

45 100
101110110001110101100000110010001100111100111 0
110000100111100101011000010000101101111100010 0
110011101101001011110001100101010010000100000 1
001110111101111011100101111101101010111001110 1
010100010101011101011000100011010011010001000 1
111110010000001100111010100000011100101101101 0
010111010100100010100001111110011000110000011 0
110110110000011000101000000001111100001001001 0
101001101101100001110110000001101001111101010 0
010011001011011101101010000111111110110011100 1
010000110010001001110100101111101001010011100 0
000111000010100100000101011101101100100101110 0
100100100101011110000010000101110110100010110 1
101101101101101011010100100001010100011101111 0
011100110001001100110001111000011101100101001 0
110111111001101100111001101001100111110010111 1
101111001111010100001110010011101111001110101 0
111111010110111011100000110100011001110001010 0
111001011101101101001100100001110011010100010 1
001111001101101110101001011101101010011101101 0
011101011110100000101001101011110001110001110 0
110010111001000111000111101011000001100000100 0
100000011101100011011001000110100110111111000 1
101000101111101111010000011101111011100011101 0
000001000001101010101110111000110110110101011 1
000010001010111100101110000100000011110011101 0
001011110110001001000111100111011110101110010 1
110011110000111010111101111110000011100001010 1
010001001110000100111001100011011011111010111 1
101110101011010011101010001011101111101010011 1
010000110110111011100011100101001101110111101 0
000110001111111010100100111111011010010100111 1
010011101110001101000001101110011000110000100 0
011111110000111110100111001011010111101111101 1
000010100000001110001110001011111100011011010 0
111111101111011100110111011010001100011100101 0
011000100001101001111000110100000110100101101 1
000111111101011010001101111001001001110101000 0
110110000100100001001100110011100101100000010 0
011111001000101010000100100101001100001011001 0
001001011011101000110000101001101001001110100 0
001000000110011001110110001011000100010001100 0
000101110011110110111110110000001001010011110 0
001010101111111010110011001110110001111010101 0
100111111011100110100011110111001011000100000 0
010010011010001111110010001001110111101000000 1
001111010011101010100010110110010111010110010 1
111001010001000000111000111110100000101100000 0
010001101110101110110001111110101101101011101 0
001010111010100100010100110000100010101000011 1
011010111100100010001011011011100001110010000 0
000010011110101011000111010011111110110011001 0
101101110011100011100010011111101011100110000 0
001111110111010100000110001001001111000000101 0
101101100000100100011111011000110000100100110 0
100111000101101110111101011000111100100101111 0
001110001100011000111101001110010101000110111 0
001111011111100100000101110000110101000111101 0
100100010111111100110110110100010010010001110 1
110100011010000100111010000111100101100101111 0
000011110110100010110000011010110111001110101 1
100011010101000011010110001101010011001011111 1
010111001011001101100100001100001010011100000 1
010110101001111011111010100110110101111011010 0
111100000010101110100000101000001110010010000 1
000010100111001101000001101101101111001010110 1
101011111001111110001101010101110001110011110 0
101100000101110011011110010111101111111100111 1
110000011010001101010001111100110100101001111 0
001010010000100010000000100011000101000000000 0
101100100110100100110010001001111001011000100 0
110100101101000111000101010100111001011101111 0
101011001010000011111010111000110011100101101 1
000110111100000011101011001101001110101001101 0
110100000110000110000010110001100110010001000 1
111111110001000110101100000110101010111111111 1
110100001001010010110111000111000011011111110 1
111001010110100000100011101010010010110101110 1
110001000110010101100111101110111110010000111 1
101011000100010001110101001010100101000110111 0
111010000101100101011110101101010101000000111 0
001100001010010111111110110111011100100111110 0
100011000011010111011000011000010001100101100 0
110111001001101111111111101011110101001110000 0
001111000110000111101001010001001010111100100 0
111001101101101011110001111101000100100011101 0
010101101010111011001011100011100010111110111 1
010101100010110010011000110011110010101100010 1
011010100010011110111001110111111010010110111 1
000011011101100110001000111100000110011000100 0
111111110101110100011010111101100111000001010 1
000001001000111011000101011110110011111001111 1
000100100001110101001100000010110100100100101 0
110110000011110100110100011001000010010111000 1
010001101101001101000011001001001111001011100 1
010011010000100000111101001011010010101101111 1
110011101101000100111101101010010011101111010 1
100101010000111010011100011101111001101101100 0
101100111110000101101010110100110110101010111 1
111101000001110101010010011001100010110000111 1

60 100
010111011000000010101100111010111111010010010001111001000101 0
011100010000011010110011010001000110011011111000011011000000 0
000100110011100101100011010010111111000001110000100100101101 1
100111100101001000100100000101001111001011011100110001001010 0
001110111000010110110111101011111000001101000010001010010110 0
011101100101101111100111101011001111001011101110000100010100 0
000011010111010110011111111011111110000011110111011100011110 0
100011111100100010001101111101011001110001011100100000111001 0
011110001100101001101101100101110101101010010110010101011011 0
000100111101011111000101000011010110101010011110110101001010 1
111000101001011101010101100110111010010010110000010000100110 1
010100111101111100110110010110011100101010001101110110111010 1
100000001001001000101111000011111111110000000101101010110000 0
110001101101100011010000010010101100010010100111010010010111 0
001101001011111101111010000101101000100001110001100101100100 1
100100000001101100101000110010001011010010100111101000111110 1
001010100111111000110010111001001110000011100100101101110010 0
010100100011101000001100110111110100000001011100100111100001 0
101011011110100000000101000001110001100011101110110100101111 0
010111011110010100010111000111010001011100001010011001111100 1
011101110010011001011110001011110000111100101111010100110011 0
010010010110110001000000110000101110011000010010000001010011 0
111000011000110110111110100001011011001101110111000101110110 0
010001000111100011000101011011110111011100011000000000100101 0
101010101000001101100100010111011110100001011101111100101000 1
011111010001110011100000001000101010010000111110010010110011 0
110110100100011111101011110101010011000100100101011010101100 0
011000010111111010011001011111010111110011100000001111010101 0
001110110101001001000110100110110010001011111111011101111100 0
000010111100111000011110000010110111100000011111110111110111 0
100010000001110000010100000011001010010110001011011101101101 0
011101110010010101110010101000010100110101100111110110110110 1
011110010111111010101111001101101010001010100111101010101011 0
011101101001101010001010011010011101100000110100100101101010 0
111100000000111011011100001011011101101001010100001111010111 0
100001100101001101001110100110000001111110010100100001011100 1
001000110000010000100101100000110110111110101101110100010001 0
100010000100101001011111000001101100001001011111010111111110 0
001001010011000111011100010100110010011010010000001101000000 1
110000010000011101100001011011001001101111111001111100001110 1
100011110000101000101101100110011010101000010110110000011000 0
010000001001001110000001000100010010011111111001001110010000 1
010011000001111100001111111110101000111111000110111100011001 1
011010101010010011100010100111110011000101101000100101110101 0
100010010011110100001100100001101100101100100110000110100011 1
011111111001101111111010110101100001111011011100110011000101 1
111110001100111010100011011110000111100110101100100101000100 0
000101001111110010110011000100100110110011000000111111111101 0
011100010100100100010001110001100010001110100111000001110110 1
000000101011110001001000111001000010000001110110001001001101 0
101111011010100110111101000101011110011110100110011101001000 1
011000011000110100110001101101110111110011010100110110100001 1
101010101000010110100010101100010001011111100111001011101001 0
000001100010010110111000111110111101011011010111101001110001 1
110011001110110000101010101110001010010100101101101000111000 0
100110111011110101000101010010000000111000110100010000101100 1
010110001001101001011011010111100111111010100100000001101000 0
101010101111011110010001100101011111101111000010011011110000 1
100011001110110110100101111110000011011101110111000000111100 1
011000010111001011001001110010111011100111000101001101010001 0
100000100010010111011110011010101001011010010011011100101010 1
010011010100100010001101011101000010111101101000000111010100 0
001011110010011010010101101101010111110110111111110101101011 0
100001110100001110011010111100111101110100110000111010000110 1
100001111000110010101110110010100000100100101100011100110111 0
010011011101000100111110000011010001101011111101000111111110 1
110010111000111100100011000100011011010111100010000011110100 1
011110100111010110111000110100000111111000101110010110100010 1
000101110110010010000111011011111101110101011010010101000111 0
001111001011000010000101101011011010111010110111101111011011 0
000011110100100011010111000011110111000001011010110111011110 0
000110000001110101101010101011011101101111100110000111101000 1
011100001010110011111001000001010000011010000101010101001100 0
110111100110010101110011110000011001111111010000010011101101 1
001100010001011010000001100111111001111111011110101101101110 0
000000111000011010111110011100000110100010010011010101101011 0
000111011001001010000100001100100011111011111101101000000110 0
100111000010111010010010000111001011011011010011010010010101 0
101110110001011010100100010100110001100101000111100110011001 0
100010110011010101001101111000011110101100101110010010100000 1
110010111001100000111101011111001000011101010000111000101110 0
111111111010000100010010101011110000001100110001000000010101 1
101111110010001000000100100100010101100100000101111100010000 0
011010111001001110000000010000101000010100000001001001001011 1
011000010010000000101111010001100000010011011101110001100111 1
011001111101010110000011011100000110001011110100100111011001 1
000110011000101001011101010011001110111110100010111101000000 0
101011111001011001011110101101011110111010111001100011101010 0
110110000010111110010101001011100111111111100011000010010111 1
010110001000100001001111101010010001001001000100000011101100 0
011110110101001101101100101011110101101111111001001111000101 1
001111010001100101100100100011111100001000110110001011001010 1
011111101101001111110011011101011100100011101010111010110000 1
111001100111010010001010100010000100000011101100100101101100 0
001111111001100110010101000101101010001100000011011011111011 1
010001000010011100111000101110011111000001100010011010000001 1
000111111010100110100110000001001000010111001011111101101101 0
111111111101110101011100001110101011010100011100011101110001 1
010001011011001111000100110101000000110011110011111001011011 1
111111001011111000111110111100011101101001110010011100001111 0

75 100
001100110110111100001001110011010000000011100010110011100111110111111100010 1
011101100001010101011110000011011101000100011000101010111110111010110100101 0
100100000111011000101111111000110100011000101001111011100100100110011111111 1
111001010100111101100000111100010000101110101010110010001111001001011000010 0
101110111110011011111010110110110001101010001000111111100010001001111001101 0
001100011101000000100000000110001111110010111111100100100110010101010011000 0
111101100110110111100001101001101011001011000001011001111011001110010011110 0
100001101010100000011010111001011011001100010000001001010001100010110001000 1
100110111010010101000011011100010001110010001110010010101011010101010110110 1
001001100110000001011100011001001110000110110110100010111011111110110101101 0
110000010001101000111001011011101101000000111011110010111110001101100100010 0
101010011011100001101011001100110011111010110010100001110000010111001110101 1
100010011000000011000001100110111110010110111100000000110110001110111101010 0
100101111101000000111101001101011000111101001001010101011001100010001111110 1
010010010111010100111110011001000000011100010000101011000000100101110000101 1
110100101011011001010111111001110110101100001001100101011111111100000110110 0
010110100110001110011011000011011000110101100101100011111100101011001011010 0
000110001111111101100000100101101100100110001101011111111100010100010000000 0
110001111000000001001100101111001011000110110111011101101010011100000011000 0
111011101011101000110110111111100101011111111011000111100111010100000011100 0
001111100011000111101001001111010101111110011110000000101000000010100001001 1
110100101011101101101011011110011001101001111101001100101010001000110110011 0
101001101111011001001011000001111010000111110000100000100001110110110110001 1
001111111111011100110101010010100111001000101111101101101100010001010110100 1
011111001011111111011110101110111010011110101000100111110101101000101001011 0
011011001010000110001011011110010001101000001100100011010100001001100000011 0
101011000001011010010100101010100001111011111100100110011110100101010011110 1
000110100101010000110001001110100011001010101100111111111001001000100011001 0
000011111100001101001011010001101100111001011101011110100100010110001100101 1
001000100010000011000000100111011011011010011010010011101100001101110011100 0
001000011101011000010101111001001100101001100110110100111011111001010110000 0
111100100011110101001010001010001010010111000110000001000001001100111100001 0
010000100000000101001110010111000000110101001000100111100010110110000000100 1
100101110000101110110110110110001011100000011000011010100101001100000000000 0
100010111001001101010010010010011110101000100110011010011000101010001101100 0
111111000000110000100000111011000001101110101101001001010111000000010101100 1
010110010101011101101100000110100011001111010110001101101011011010010100011 0
000111001101100001110110000001100011111011101100111100100000100100011010100 1
110101000010011011001010011001110101101100100001111010011100011100010101101 0
100001000010000011101101011101000000100011010011101001100110010001011110011 0
010101011101110001001111100100111100011101001001001100010101110010011110110 1
000100010101110001000110001010010000110100111101001110101000010110101101111 1
001101111101001110100110110001111000011110010101011011000100001000001110110 0
010110111011001011010010100001000011000100000011110111000000100011110010011 0
010011000000001001000110111010100101001000000100100100111011101111011110100 0
011001101111000111000100111111111011001111001110000010001010111011011111011 0
100100110110110111110010111010111001000010101100010011000110001101011111101 0
011110101000101101010111100011100110100100110000101101011111001010010000110 0
110001101000011111001000010001010110010111110000100000001011111100001011100 0
001001000010011111001100011100000100001010111000111101100001001110110001010 0
011010100110110000011001011010011100110101001001100000111011010010000100000 1
101011000111000101000011001101101001011000100101001100010101011101000100011 0
001101111110000100000100000001101001111100101011011010010010110010111000110 0
010111110111111100101000100110011011100010101010000000001110110011111010000 1
111111010000111001000101000001010111011011010010110100100100000011010101000 1
001010010100110000001101111011110011100110000000100011100010001001111010010 0
011001111001010010011100001010010100111010111000001111010111010010001000010 1
110100011110111010111111111111100110110011000111000110101001111011000011010 0
011011000011001110011100001100111010111000100010011011010100101100100000110 0
111110111010001101011101111100111011000000010100001010101111100101011010011 1
111111111111001111100101010011100000011100000110100111000001100000001111001 1
010000110010010110111111001101010011100100101100011110011111010100010001011 1
001001010001110100110111011100000001100110000110111100001111101100010101100 0
111100011011001111111110100100110010110001100011100010010000110111100100100 0
100000100111111000011110100010001011101110000100100011011111111000110101100 0
110001000111000110100111001101110010110101111101111110011101000000011100011 1
011101000001101001111110001010111100000000100001010101010111110100100100110 0
011110111010001110100110100001001110001100110000100110010010010111111100111 1
011001001000101100011110100111011111101001010110110101111000100001011110111 1
100111100001100010000101110101011111001011001001001101010101000011100001001 0
100010100001111000001011010110011010110110100000010011110100001110101111101 0
110111110011101101010000010110001001110101010100100100000011001001101111100 0
110100100001000100001011110000010000000000100011011111000100101101001011101 0
100010001110100111011110111001000001001010000010111110101000100110011010011 1
100110001011111110101010110111001111111011110001000101010001110101011110001 0
100010000101101100110011100010101100110101001011000101000101111011000101001 0
100110100100110010111001111010100111111100011010000100111010000110001001000 1
101011001011100101110101001101111010111110000011110000110000100001101010011 0
110011010101101011010100001110001000001011111010010000011100100000100000011 1
100001001000110100101111000001111111011101010010101000100100110001001111110 1
101010110100000011011011110000010011000000000001111010101101101100001001101 0
101110011001001110010111001110000110011100100011000110010101101011010110100 0
100110101100110010011111100000010001001111111110111100000000000010010110101 1
000010100100100001010011100111011010001111110010111110001110010101100011010 1
011000010010100001011110111110111101100100000001100111111000110000000010010 0
110010000011111100111111110000011110110111001101010111001001010001010110010 1
110110101101000111111010001011100111111001001010101001001010101110011111011 0
110000100011010000111010100101011111110011110100111010110100001111110111001 0
011000100111101111001110101101000100110100010101110001000110011001011011011 0
111000001001010011111110011101010010000100001000101010111001110110110110110 1
000010101110111010101100111111111100010111001100110000010001110010010101001 1
111101001011011101000001011100011010110011100110010001100000000001010001011 1
001100100011101101100001011011111000100100010110101111010011111011001100101 0
100111000001001010101000010000110011111110000100110110110110110011100110110 1
110101110000011010011101010000001011111111111110101111011111111011100001010 0
101101011110000011111011011111101111010110010010111010000111010001101000001 1
001010001001011000000110010010000100100010011111111111110000000110101100101 1
011000111011111111100110000011000101110101010100010000010010110000101111110 1
100101000001000000000010001110010000000000111111101000000000001101100000011 0
111001101110010010100001001101000100001010011010001011111101011000010111111 0

90 100
010110111010001110111011011100001010000101001100011111010100010111001011110010111000100010 1
011111011010100101110000110111101110011110110100000000011001001110111001010010010001000011 1
111000011111010011111101001100011111110011110101111001111000101011000001011001010110001111 1
101100000010011110011001001000110101101010011001000101001001001111000101010110010100010111 1
111000100101000011000010011100010110111101011010100101010101000010001111000100000010011011 1
111010010110010110110110111100011010010101110101110000011101011110010000111101100100100110 1
011110010010000010100000010000111000101100110110000000110110101110100111100001001000111110 1
101110110101011011111100111000011100111111011000110100111011100011010001111011100111100010 1
100101000101000101011101011010000000001011101110001010111011101101000111001001001100111100 1
010101101110001001101010011101100011101011101001111010011001111011101011101001110011100000 1
011111001010100010101111001001000100000001010111101110010111011011010110000011100111111000 1
100011010000010011011001110011101110010010011001100100011001111100101100010110010000001001 1
100010100001100111100100110011001000110100010000010000111110010101110000011111110100111101 1
110000101100001110100110011101010111101101101011001001000110101111001111001001111011101111 1
101100000100100001110101011011101011010010000101000010110111001101100111111100000101100110 1
010001111100110010011001101010001000111100111100000110000000000010001111111101101110001001 1
000001001101110000101010110000101111010010101100110011101101001110000001011001010001110000 1
100110100100011111010010001010000110110100111000111110011110100010001011000001010001001100 1
110011011110000100001000110000100101101010110100001101100001011011001100111010010101101101 1
001110010100110111100110000100101000001001010000110111010010100000001101000011000001001000 1
010010110000100111010100000100100101111111100001100110100110010001100010010010101100010010 1
111111001111110111001111111000011100010001110101001111110010011100101101110100101000111010 1
011001010100010010001101000101000100101111111110000110010010111101110001101010010000101100 1
011100011010010111101001010110010100100111110100010110110111110100000011100010010011001010 1
101101101000110011011010000101101011111111101000110011011000110111010001110010111111000001 1
000010111011110110001110000101001000011111010101100001001111011101101000101110100100011000 1
100110000100001110101011000100010001011000100001010111101111011011010101111111111110000010 1
111001000010111100010101011010000010110111010101000001100001011010001011010010110010100101 1
000111011100000001000101111001101110010110110100000010111011101111110101111111011001110001 1
011100001111010101001011100100000100100010101111100001111101000010000100110001111111000100 1
100101101111100101100010000010100110101000011011101001001010101110001111110011011110010111 1
001101101010101011110101110101100010110111111110001010101101010011010000111100100100110000 1
111111100100101010000111100101000111001000010001001011101000100111000000011011110011110110 1
100111011010011010101110101110100111001000010111100001011001011101001101000011100100011011 1
110000110001001001001010001100011010011011110100000100100010011010011111010000100110110111 1
100001100010111001011100101011111011101010001101010101111110011111001100101011010000100011 1
110001100110101000000010100111000100000011101010010011100111101111011000011110111000111100 1
010111111011110011000100101010101110101011100101000010100010000011000001111101101110100001 1
011011111110001100010101111010111110011101111101110100100001011100101100011101110111001001 0
110001101011011101111110010110001110000101110000110011010011111000000001110110000011110101 1
011111000000101110010011101111110011111110110001001100011110000001010111100111111000011100 1
010010110111001100010110111110111010000011111101100101011100101000100111000111111101101001 1
011101110101001011100100011111110000011001101001101111010111000000101001011100010011110001 1
101000010001100110100101010010010110110010110101011001101100101100110111100100101001011100 1
110100110111100100010110111001000110101100111101100101111011101110101001110000111101010111 0
101010101001110110101011100111101010100000110101110001111111001100110110101111101101010001 1
101010101111011101111000111110100000010010111001111111100001011110101100111010011101011111 1
000010000110011110111101010100100101101100101011110001000010000001111011101011100000100111 1
110100011000111110010010001010101111101101110001000001101000000110110000111100000111001000 1
000111100100110000010101001101111101111100011010001011011100101011100100101000000101000001 1
011110011001011111101011100000101010011111010100010111111111101000001000101001001000111100 1
010010011011011011110010101011100101000100011110101110100000110110010001000111101010000101 1
110101100110010010100110110001110101111110010001011100100100010100010111010010100010100110 1
101110011000101101011000010101111110111010100011110010001011001110001110100001101100010111 1
110011010101101101011100001000010011110100010100101000000100001000101111100010001011011011 1
110010100010000001110011110011100111001000001011000001110110100101101000110011111011100001 1
010000010100111011100100000100001000001001110011110000000010100001011011101010101101000011 1
101100011010101000100011011000110101110011001110100001101001100110001000101100110110001111 1
001010100000101011000010010111111001111111001100000001011100011001110000100111111000101011 1
001001110010001010110110100010110010111110010110111100110011001010001100101111100000011110 1
010111010100010111001011011100110001101101101110000001111001100101011111101001001001000101 1
011101010101110010110001001011111001100001110110111011111000110000011011110001000100111011 1
101111110010111111111101110101010101010101110011100111010100001001101111100101101111010100 1
110110011100011111001010100110101111000110100011011110000011000001101111101110011101001001 1
011011101110001100101001100100001100100011110000010110010001101010100111100100101110011001 1
111111101100010000010101101111000011100010111111010000001110010010100110101011110101001110 1
111111101000010100011111011100111000101101100010000111110000111011111001111111011010101101 1
110001110110000011111010000110000000101010010011001100101110111111111010010001000110101010 1
100001110101101111111100110001111111001111011100011101101101010001111001100100100100010111 1
010011110110010000011001110101011110011001000000101010101111100010011011111111101000010110 1
100101100001110001110100100001011001101100001000101111000000101001111000000000000111110110 1
101001111101100100100000111101011110001111100110111011000100001010010110100110101000100100 1
100001001100110101111000010110101011110000011011100110110101001100010000000111001110100100 1
000010010000100101000111010000010111110100111001101111110110101110000000111011111000110101 1
011100001011000100011111111101101001100001101111110001010111001101111111001100011001101010 1
110010000111110000101001011110100111111100111101111011010100010001100011000110001111010001 1
000101011110011000101010111001100110000111011111100011001101111111111110111000111100100001 1
110001111010001101010110101101010110011110100010110001011111010001010000000101101101001100 1
001010011011001010000100000100101110111011101100100110101111011100111011101011000111101001 1
100110101100000100010000010100010001001110110000001011011101110011101110111111111110001110 1
001100000110101010101010100011000110010001011110101000110100100101100000111100100000110110 1
100110000001000110100111000011011000111111001010111100000101000011000111101001110010011001 1
110011111110000001110111111011010011101010010110000011011110011110000101111100001000101011 1
100010110111100000000100011100010111101100010010010010110000011100011101110011000101110111 1
100010111011100100010000010011101110100001011000001001100111000001011001100100110010101110 1
100100000110000010001001011111101011011000001000101001101100010111000100010110100010000110 1
110101001000001010001010010000111100000000000101100001000100111001011111111001111101001011 1
001111010101000100010110010100100001101001101001001000001101110110100000101101001111110100 1
011010000101111001111100000010010101101011110011110000100111111111001101010111000010001110 1
001100001001101110011110100011011011010110100010001111101110011010100111100001011100001110 1
101101111110101101000001001100110100000111101010000000101001110101001010111010010100111001 1
110001101001010101001011110010111110000001100100001100011111100101101101011101111000111001 1
111101010110010000101100111001110111010011111111111100111011111100001110000111100010001001 1
110010010001011000011000101001101100111010111101101001111000110010001000000110000110000000 1
011000001001001010001010100100101001100000111110100000010000010000110111000111111010001000 1
011011000001100111100000000000001100101111101100010111101100100111101000111001000111001111 1
111001111001110000101110011010101101011101110110001110110011111000001111000001101010000011 1
100100100010010000010111010001111001010101101101000001000000110010100110100010111101001001 1
110110100101111110000110010110001010010000101010110101100110110000001011101011100111101111 1
100000001100010001111100010011101101001110101101110001110111100010011100110110001100011010 1

100 100
0110000010110110100100011100100110110110101111001011101011101110101010010101001011101000010111001100 0
0010000001010011001011000011110101001000111011111100001100011011011110101100001111111001011010111110 0
1000110111001010000111101000110010011000010110110101011101110100001111010001011011111111000100101010 0
1110011000110011100000101000000111110100110111011011100000000010111101110110011100110110110011000110 0
1001011000000110000110100100111001100100101010011110101101011111001011010111011100100010011100001100 0
0110000001101101100111000001111001001011100010010000110110011011110001011001000100111111110111000010 0
1101100100000110001001110100011101011001011100111011100110111011110001100010101000110100001100100100 1
0000001100111001011011111011001000100000011100101000111101001001011011001011001111100010100001100100 0
0001010001110011111010111011111011101001100001110001010111110010000100000001110010101011100011011000 0
0001000110101100101001010000000100000001011100010100100110111101100100011000001001010001100011111100 0
1111111100100110011111110000000111000110000001001110001101100101000001100100100011011001110100100110 0
0000100000011110110010010100011011100110010101010001001011010111101100100110010110010111000011100110 0
1101010110000000011011110010110100000011011001001100011101110000010010101101011100011101011011000100 0
1000100111101111010101101001101001010011001110011100000100110011010001101110100110110110101100000100 1
0000110010101001110011010000100000011001111001110101101101101100101001111111010100010101011001011101 0
1110001111000010001010001010010111111001101110010110000101001010101000100011110110110100101000011101 1
1110011100010000110011000011010110111101101101100100110111011010001111101010100000011001100001010101 1
0100110100100110111011111101110100100110100011000101010111000110110101101100000011110011111101100010 0
1101001100111111101010101001010000111001011100110011001011111111000110010110100101100001000110010101 1
1111000000101001110111001001101110000000010000111000101001101011011001000000101001111010100011110000 1
1010110010011101111001110000101010001101100001110000111110000111111001110000111101010110110001111111 1
0110110000101100110000000011100111000001001011000010010011100001100000110010010011111100111111011011 0
1001011000111010111000101010001100101010001000011100110011001011001110110110100110111111001100001110 1
0110011111001110011010111110100111110011110011110001110011000011101010101110100100111110110111010111 0
1011001101011101101010111101110010110101010000110010001001110011011001100101010000000100001001000100 0
0001110100000011011011110110000000111110010011111100010001001001001010011000010100101101101001011111 0
1100100100000011110001101110001110110100011010001011000111110101110101000111111010010001100110101110 0
0100011101001010001100110010100000000000100000000010001000000000101101111001001000001111111101010100 0
0101100101111110000101101111011001101110011100011001111000101101011001000100101000111000010101110011 0
1111010111011111011001010101110101001010010111010110111101000010010100101110001011100001001010111101 0
1111111111000110111110000110011011100011111100001111011001010011101101000111011110010010101100110001 0
1010101100110100111010011101100101100010001001110000001110100111101100101011100100100101110101010100 1
0111100000001101001111100110101110010010010110111010100110000111110110101110100001111110111100110101 0
1111011111000111000011111001001110011011111000101100000000101000100001100000110011011011110010000011 1
1011111000011010101011011010101010001101101000010010111100111010010110000110110011011101110011011000 1
0000011111100111010000010101101011011100000110001100101110010111110011011000010000011110111010100001 0
1000010101101110001000011111110010011101011101011111110001100101011101101011110101000101001111010110 1
1000001010101100001100001010000101111010000010001111111011011100011100100001001110101011110101100010 0
0110111101111001010000111010010001011101010010101100111110111111110001110110000110101010101000011011 0
1000110110100011101010010001110011000000010011100001010010101010110100101011101110011000011110101001 1
0100111110000101100011111110110110101010101111101100001111100111110011101000111001001010100100111100 0
0110110001001000011111111010111100111011111011100011101100111011000101000101011011011100111000101101 0
0010001011110101001111111000100101101011100110110001111111101111100001101110101111100011111000110100 0
0101101000011101110001011101100100110011110000010010011110100110101011100101000010011000010000100001 0
1110001001011101111100110010110001001110111000111101100101110100101000011010011100010100010110100000 0
0110110101001011110000110010101110101111111010011010001001011110000101110011110011011010101010011011 0
1001010111000000010111110101110010101010111101100100111111001010000100011111000000011100101000000111 0
1100010000100111110011011011100001100110100111000001100011000010100011001111011100010101000001001100 0
0000111000100101000100101000100110101000110110010100101101110001001000011010110100000110001000110110 0
1100111001011010100100010100010100011100001100110000001001000000100010010100101101000100100100010001 1
0000010111110110010111111110111110111110001010111110001010001111100011011110100001001000000001111100 0
1010001111010011001101100001101000100001100100010100011011101011000000010000001011110011100001101101 0
1001100101011101111011010111110000010000101011000101000001110110111110110010110101001001110100011101 1
1100110010111101100001001000101101111100111111000010110010101011000110110001001000001000111000101110 0
0010011010001000101000000101010011011100000110101001001111010001000100101010000110010101010010111001 0
0011001001011011010001101010001100000001100111011111001111011101011011100011100011010101000101000101 0
1011010110001011110001100000101000101100100101011111011011001110100100110000110001100001100111101111 1
0110111001100001100000111001010001011101010110001011101011110011110010011001001110101000101100011100 0
1001000011000101101000100001100000100101101111000100101101011011011101010001100110000110001101010100 1
0000000010100111001001110100000100111110100001100010101101101010011100100000111110010100101000001100 0
1100100111001010000101100001101101111100111010010100000001011101111011100000011100100010111000011100 0
0101111100000000010100110101000110001101101000001110111101010001100010000101111101110000101111101100 0
1011010100001111111101010110010101101111100011111101000001000100010100100101000110011011101011010111 0
1011110111101110011111100011100001110110000010011010100101010010100001001000010111101110101101101101 0
0001000110001000100000101100000100010000000101001001001110010001010010000111011101001100100000101101 0
1111000001101100001001001101010101001101011100000101001110011001111101000000000011111101110011110000 0
1001001001110000111001010100100011111000011010011111100111011010110110111000001101011100001111000011 0
0011111111110101011011000010001010101011100101000011110111111010100000100010101100011000111110100010 0
0000001100000111111100010100110111001111101110001111110110101101001110000111110001111000010000110001 0
0111000010010001001011000110110001110111011011110001101100010010101100100001111111101001101100111111 0
1011011100111010010111011010101000001111100000011001110111101101101111001100111011110001111100000010 0
1100010101011101101100000001011111010010010100001111011010101010010001100110110011110110110011111101 1
0110000111000111011101010111010001001011111011110010111100101101101001100101011010001111001101111011 0
1110011000010011110111110001001010010110010011000000011010010111110111010011111001000101101110010001 1
1001010010011010111100011101110110001100101000010000011100011000010000010010000000001001001111110010 0
0011011011110111111100011000000000101100011010000100101001001111101010001100101111101010010101110011 0
0110000001100100110110110010001101101101101110101100010011011101010110100011010000001000101100001000 0
1101101011011000100011111011011100100001100000011000111110000110100100010111110010010101001011011100 0
1110011101000010011011000011101111110000100111110111010011111100011010000101010101000000001111010111 0
1110011110011000100101010000011110110101100010001011111101101010111100010011101000100010010111100010 1
0111010110110010110100010100111010111100110011000110110100001100111101100100100110011000000110011101 0
1111111000110101111111111100000111101001000011010101110000110100010101001110011000111000011101101101 0
0011100111101111111100001110111111111101001010100010001110001100011000100001011010110010010100111111 0
1001000001111010000010111000110010110100010011011010001100001001000010101100001100100001001001101101 0
0111010011110010111110110011000011100101100100111111100110110111101100110100110101001010001000011101 0
1101100010101100011000101110011011101100100010110000010101100001101010110111001001010000100101101000 0
0110110111100110110010101000101100011001111100111111101111101011110010101011000011110001111000010011 0
1100110000010100101000000010100010011011111101110010010001111111110001010100011010011011100111001011 0
1101001010100111001111001010001111011110100101101010101000010101010101100110000001001100111101010001 0
0010100010011011001110111100011010000001001110010101111111110011010010011100111001101010001000001000 0
0011111100110011101100100101101010101110101110000110100100010111110101110011011010000000000001010000 0
1101110101111100100100000000001101110110100000010110111111011101011010000000010001110011110000000101 0
1011110100001101110000000000101000010010011101010010010000110000100101100010111110111111101111001011 1
1011101010000111101010001000011110000111111100010101101001000110110101010101100000110100000101110110 1
1111110001001010110101000111101001110010100000011101011001111111010010100100111101000001100010011010 1
0000000111011111100001011000110100000010001111001101000110101111111101101110010100000011001111100000 0
1100010010110101110100111001000010000101100010110100111011001001001011111011000010010011111111000101 0
0000011011111101111110000000111110111011100100011100001001010111100110000010000110011111011110000111 0
1101110110110101001010100010100000111111100010110010010011100100111010100101000000011110000010001010 0
0011010011001110000010100111100001100100010101101100111110100100011011010010100101110011000010110011 0

100 100
1110101101011110111000111100001010000001100001110010111001011010011111011011100010001001110111111000 0
0110100110010000110001110001110101010011010000111111001001110011110111011011000011111001011010111000 0
1101010110001010010100100010011100101111101001000010100101110000010000110000100111100110001000011110 0
0110110011101100011001000101000011110111001110011111010010110101010001101100101010110101110110111101 1
1000011001111010000001110000001001000001110011101101010111101001101001100101011101010100010110000101 1
1100110111100011011110010111101111110001110101000101100111010101010110010000110100001010001011101010 0
1100001111111100110100001011110110111000111110101111111000010001010100111100110001111101100101000000 0
1000001011001010001011001000010010011010100000000001101000011110111011011111101101111011000111101110 0
1110101111100010101110000111001110000111001000100011000011111001001001101010000101001010001110010000 0
1100000001000010100010110000001010010011011000010110101111010111111000100000001111101000000011111011 0
0110110101110111111111110001110101110100110111000100011111000010101111101100000100101010110111101011 0
1100101010011011010101110110101010010111111010111111001010000001010001000100101010000100110111010110 0
1010111100010011110001111010111100111101100110001001110011101011010100010101101001010011000101000010 0
0101100110110011011010100110110110000000011100001100111110101110111011010100100111100011001010011110 0
1010011100010110011101011101011110110100111100001110001111000011011001010110011100100010000001000110 0
1011111000010010110111111010100001111011110110101001110011001011000111000111100000111111111000001010 0
1000101100001111100000000011111111101101101011101111010001111000001111101000101110011001011101101010 0
0001110101000010010101111111111101010100000000101101110011101011000010110101111001111010110011111100 0
1000010100100110011110101001000100001010010001000001011111000110111110101101010010111000010000011101 0
1110110010111000100010010100010101000001100000011010011111111101001110000100110011001110101011110101 0
1110111010010000101111000101010101101000001101111000101101101111101000010001110111101011001100010011 0
1001011100011000100011001101011110111001000101101100000011110100111010010011101001101100001111101000 0
0011100111100011010001110100011010100011111110011001110111010111111110001110110000111110011001110001 1
0101010110111100011101111011000011110111100010011100111011111011100111000001011001011110010011100111 1
1011001111011101101001100100011110000110111011101100010100101011011000010101011001010000010111010110 0
0001010100010110110011100001101101100100101110101100010010001101110100010101011101000011111001110110 0
1110100010000100011111101110010111100011010000000011111000100111001000000000011010101111101110011001 1
0000010101000101011010111001001000001101001011011110101010110100100010111000000111100011000010001100 0
1000010011100100011101000111100101100101011000011101100111011001111101000001000100110100001001100110 0
0010000001000101100110001000101100100110110110101100101001110010001000011000011101011101010011110010 0
1111101111101110100001100000100011101010110001011110000000010011101101100000111100100100101100010100 0
0000101010011010011000000100010011001101000100001100000001000101000110011111110000001111011001101100 0
0011100001011100010100010001001100011111000110011001100110011001011100100111010101111100000100011101 0
1101101000011111111010000110010100010101000101011110100010011011011111011001011100100000001100000111 0
1000010101010010010011010011000100111100001100100001100110110101100010001111000000101110101011101111 1
1101001001100111011101000111000111011101011001000111001010111100010100011011111101001100011111110111 1
1001110110100010010001110000111110001110110111110110000110101010000010001110011101111100111010000101 0
0101100011000100101010000001000010000000110100101100100101101110011011000111111001110100011110011110 0
0011100011000101010101001110111110000011111110111101011000011100100111001000011101000101110001001010 0
0110110001011000111011001001001010001001101011000101000110010010010011101000100110111100101100111010 0
0001010010101010011000100010111111010110100001000100110111100001000011001001101111111100001001101111 0
1110001011010100100111000000110100100010111001011011111011010001011110111011111010111110011111000110 0
0110011101001110010111101111011000001111011110110011101110011111111100000001010011111100101110001011 1
0000010101110011011010110110101101101101010111011110101010001111100000101110101010010111010111000000 0
1010011001101001101100010011011101100101011000110000001001100110010000100100111110110001111001000110 0
0011110011010111100100111010111111100111110100000110101000011011101110101100100011011010001000110000 0
1001000100011111111101110011010000101111001110001111100100011011100011111001001101111100111110000001 0
0110101000011101100011010010110100110010111000100000101111000010001111100101101101110111011010000111 0
0111000010001100010100100110000001001000001011001111100011011001001101011111011100101100000100100000 0
0111001011000011011010111110100111000001101110010101111100100110000000010101001011100010100110100100 0
0100110100011010001000000001001111100111110000000100001001110001110001111111101111010110011011010010 0
0101111100000001100000010100000000110000100100101101100010011011110110100001011101010111101000111101 0
0100110000010011111101001100010000001001010110001101101011010011011101000111100010100001011010100010 0
0001000000101001011100111110010010110110110010010110101110111101110010001110111100000111001111000101 0
1000101011001000100110000101100000010010110000010111111100100100011010001001101110101000010000001110 0
1010001110011110110011011111010101100011101010001100001110010110000010000101111001001111000011010001 1
0101110000010011001001101000010001110101100111111010000100111011110100001110001010010000001101010000 0
1000000010110010110111101000001111111010011110101010100100111000101000001111111011101110001101111011 1
1000111000111010110001010010101101100100100001010110001100111001101110000000101111101011100011101100 0
0010011000011001110100010101100101100000000100010110111101011001111111010000010001010111010101010110 0
1111011110100010100100110000101010111101111100110001010000010100111100011111001001101011010110100010 0
1001111101001011101100011010010110000100100001101010111010011111111111001000010111100011011000101010 0
1010010111101101000010011001011111100110100001101100111011010110000101110110000101110001001010000010 0
0101000101111011011000000001111101011001011110001001001000111001110010011101111111010010010110011111 0
1010100011101001111010011110001000010011100100001000000111101101101010101111001100000000110000100001 0
1001111110110010011111011001010110010101000001101010010110011111110110010010000110111101100111011000 0
1111011100000111101110100010010101111001101110001110100100111000111001111000100001010010001000001101 0
0010011111101000110000000001111100101110001011000001111111101011111001101000101011100010000110001101 0
1101001011110110110101001011101011010101010010001111001000110000001011111010010101111010101101101100 1
0110010011010101000001111110010010011011100010101101010111111010011111001000110001110101100001000111 1
0010001001010100011001011000111110000101100100100000101001111010010100011011101111101011000101100011 0
1010101010101111001010000110000000000100110000110111100111111011011001010111110101111110000101001011 0
1100011111100101001000100110000010001010110100001101111110011010000100111101001111001010011111011001 0
1011001010110100001010100111101101001101110100010111100011110000101111001011010001100101110110110001 0
0110100010101101100001110011011000010001010000110111000011110001000110011011100111010001010000101010 0
0100111101111010000010010000000000010000111001001000100110111111010010000110010001011000111000100101 0
0010110000011101110000111110000001011101100000011000111000100111010100001001100010001100110001111101 0
1111000001111101000110001111111000000010101100000011110001100001001010101011011100010010010011101100 0
1100010001010110010101110101111101101101100111101011100110111001110000011000000100010000011011110110 0
1010010001001101001111101000110111111101001101000111100000001110000110010100100110000001111000100101 1
0010001000100011000110111010001001001101110011101110111110110110000110011011101010001110111101101110 0
1110001010110010111011000010111110110001011110111010100001001110001001011100111011111111111000000111 1
1000001101010100011111011000111011010100101101100001101001100001010000010110001011001111001000101101 1
0111001010100011101101100011000111011000010011100010110111011001110110110011100101110101001001110101 0
0000111111110010010000011001011001010010101110111001001001110010100101111000100000000101010011101101 0
1010101101101100010111110101101100110000110111110000111111001110101000001110001000011100101010011011 1
1110000111111111110000111001111110110000101010100100001101001110101000010101011010010000100011000000 0
0000010100000100110110011111111011010010011011100100101010111011110111011110000110111010011110011100 0
0111110101100010100011000111101011100100011010000010010001111011111001010111000001000000011101010010 0
0101111110100001001000011111110110000011000000111011110001110101011010111111010111000001110111110011 0
0000110001011001110011100001110010011011111001110111010110010011010110101001110100001010111110011110 0
0000001100100011100111001010101100110000001000110100010011001010001001001101001011000001001100100000 0
1010110101011000010111111001001111000010111101101110011111110011111110111101010101100101011010111000 0
0101111011010111110000100010111111000110011100011011111110100011111010010100110111000010010010111110 0
1010001100111101101000101000100001011001011111001001010100010001100100010101011111110100100100000011 0
1011001111000101010011110110001100010001111100001010101110011101010011000110111010000101000110011100 0
0001101011110011001000111100110110010110111111011010001111100110101010001110001000001100011110100000 0
0000000000000011000011110100000000001101101011111110001001001100110001111110010101110010000110101011 0
0101011110001100000001111001100110111010111001000010001100010011000001010100101110110101100101001000 0
1100111000100001010001011011111000001001011011111111010111100001011111010101110011110111100100011100 0

100 100
1110111010101000011100100000100010011110001101101011001010100101100110110001011111011100110100100110 0
0101011100110011011100001011110100001100111110100010010011100101001101110110100101101000111011111001 0
0101000000001011111001110010100111011010010001110011110111000011111100100100001000101011111101110000 1
1100100111000010100101110010101011100101001101111101110100010111001001001111011001111011010001100010 1
1010011101110100010110111110010111010100000010110101010101110100101110010001010000001001010011001011 0
1001010110010001011001110100010000101100001001110010001010011011010100100010101110010111111110011000 0
1001110001111011110001100000001101000001110111000000011011011101101101010001001011110011110010100110 0
0010000101010100011101000011010011001111011001000110001000001001111000001101001010110011011110001111 0
1100110100011111001001101011100011000011010001100100000101011110010011110110110101101111000111110111 1
1000001100111100010011100001011101101110101110111001111000101111001010010101111111010110100111000001 0
0011001010100011111000110110111110100000010001111011010100101010000100100100101001110100110000100111 0
0100001011000101111111110100110100100001110100101011100010001000010001110110000101011111111111111111 0
1000110110110101011010101110001111000000011101011110100010100011110000001110001110110010000001001001 0
0111111101000110110111001011001000110000101000011100000100000100111101010110101011010000001111101101 1
0001000010110010011000101110101101000001010011111011001100010111011000001011000100000010010101010110 0
1110000001001011110111101010010101101101000001100110000111011001100010101101011110111110111011101101 0
1111101000101111010100001011001110000010001010110100100000100000000101110011101111100000001001011100 1
1100001010101101111100010101100010010111100110011001000011001011010110000010101001000001100101010001 0
0011110100110111010011101000000001110110000001100001111110110100111110011011111011101110100100111000 0
0100110000111100111110111000111101010010001100011100001101110011110110110100101000000110010111010001 0
0011010110110111011110100001011010100111100111010010000101000110000001111110011010000110011000000000 0
1000100001001010110001001110111110100010111010101100000011011100111010001110100110100100101011010110 0
1001100101100110111101011111010001111110100111100010111111010010100101111100100101000111011110111101 1
1010011011101110001110001111101001100010100011110001001100010000111110110011100100100000100100011110 0
0110100101000001010111111100001000110100000111010001100110110110101010000111011011101110111101011111 0
0101011101000011000111101001010000100010110110010001110100001001111110101010010010100110110000111000 0
1011101001101100100000000110111110000000111011100100111100000111110010010111101111110001101110011011 0
1011100011100011100111111000111010110111001110000011100001010100111110010001001101011100001001011110 0
1101010011101010010111101011110110010011101110110001111001110001010010110001111111001111000101010111 0
1011010001111001111100011110001110111111111011101111110001011100010111100001101011100111010010010001 1
1101101111001110001101001100010100100010100011111001110000000000110110100011100100011010100100111010 0
0100010011011110011010101011101011010011111100101010000100100001000011000110100001001100110110010001 1
0011110010010101100001101111100101000000001011000000001110100111111111111011011000000111101000111000 1
0100010010011010100010011101100110010011110011011010011101011010111111000000111010001111000101110000 0
0000101011111100110111110111110000010011100100111001110001101101000001001011100000100100110000101111 0
1111010111100100101011110101001110101111001101111000110100010100110111011101011111000010011100101110 0
1010010001111011110111110101011110111111110011001010111101010101101110001110011110101010011001011101 0
1110010100011000100010010001011110111010011101110101000001010101101000001111111101001110011001011111 0
0101100011000111011101101010111100110111101110010100010010001001011000110001000010101100101001000100 0
1001010100001001000111101000011011111101011111000111000100111010000100001111101110010001110011111101 0
0110101110010111100000111110100001011100101110001001111000100100001111101010000100110000010000100011 0
0110100100111111111001000011101100110101110001110010011010100010101101011001111000000101100001010010 1
1100101111110111111111001101001001011100110101000111010010111011010111000011111010110111010110011010 0
1001110100000101111000100111000100001011110100010010010101001010110011000010000001000010010101110110 1
1001010010001011011101110000000101100101101010010100001101101100010001111100101110100110001011000000 0
0111110110111110011001111111011010101100111100100000110011011110100010111001111101111100101010000001 0
1000001010011101100110010010101010010111110110000001000011000001010000101010011111011110010011110010 0
1011101010101010100101010010100000100101101000000111010010110110110101011101001010110001010000001111 1
0011001100001001001101100111101110010000011111111000010010100011011011110011100100100101111010111001 1
1001100101010010101011011101111000110010111010000111110001100100100101110111110011100000110101011001 0
0011000100010010001000010000011000101011001000010111010011100000100000100010111110010111001010100100 0
1010101110001100010110011011010110110001101011011000001000101100111101111010010110111011000100111111 1
0000100001110100010111111010100110001011000010100111101000000011110001101001011010000100100100111111 1
1111001110010011000001100001011111011101110110000000011001000111010001100111101100001111011000011010 0
0011111100000001111010110010110111000101001001001100111110001010101011111001001110111001101001101000 1
1001011010111000111111000010011111011010011011001100000101100110011111100001000110110100000011010010 1
0011001000101000100100011101000101001100110011001010011111011001101111100100000000011100110010011100 0
1110111001001110001100000111100010101001111001001011001011111010000101110010101000100100011110111111 1
0100010000000011011000101110011001000010111100001101101011010110110101011101101010100001100101110000 1
0101110110011010001101110010000110010101110111101011100001001011100110001011101010100100010010100111 0
1111100110011110111011010011000101111100011100011101000000100100111000101001100010110011001011100011 0
0110101110011101011000001001110111000101100100001010010110010001001001110100010111110100001011110010 0
0101001101000100100110011111011001001110010100111110111010111100000010001010001110000101010100110010 0
1011111111011010000110011101001101010101001100001010011001101111010010010110110010001000110100001110 0
1000101010110100100111111000110010000101110011001010111110101100100010111010111000111000000110110110 0
0110011100111101110111101000100111010111100010011001111011100101001010110110011111011110101111011100 0
1101101010001110001110001010010110000101001111101110110011110111111110010100010101100100011100010001 0
0000000100011001001010001001011111110100100100010111011111000111000011111100101110011001101010100001 0
1000001010011111000010010010001011010001001110010101100101101000010010110011011001101111011010011010 0
1101000010000011000110010001101000000001011010010001011011100110110111010101101101000101100111100111 0
1000001010000010101100011010101011011100101110100011010110000101001011001110110011100111111001111010 1
1011010100011001010110000100000111010100100110011000101111111110011101100111110110101010110101110101 0
1101010111001111011110001110101011111000100011001110111000110001110010110110110001011101111111000010 0
0111010010001010010101010010111100111110010110111101100111101001010101101010010100011000100000011000 1
0010010111101111110111001111111100100111001110011101001110010000000011001111000110011100001000010011 1
1101111110001110110110010110001000111001001110001010111100011111100100000101101000110010111000100110 0
1110101111110111000110101100011100110001010000100111111000011101100100001110100100011001000101011011 0
1010111100101111101110100110000101011111001110000101111100101101001110010100100010100110101011001110 0
0011011101000101011101011000001001110000101011100010011101000100011101110011011010110010010000011001 0
1110010100111010110010110000000111110111000101100101110010010011001000100110010001100100001010011111 0
1110011101011010010011111000011100111001000100101010100010010100111000000011001000011010111101110100 0
0010101001001010111100111100101111101001110111101011011101011100011001110101110011110010111101111011 0
0000101001010101000101011101011000010110011111010010011100001001010000011100100101100010000000101000 0
0111100101110011111111111111111100110100111110011000100011110000111111000110001101011001110100110001 1
0110010001001011000101110010101111110101101000001001010001111000100010100011011111111101110010110110 0
0010100000011100111010001100001010001011010101000100100010011110010101000001101011010011001110110000 0
0001010000010110011000000100001011110000000111110000101111110001010010100111001111101010000000101111 0
0101001010100110010010111111001011111110110101011010100001101010001110011000001110101101001100101000 0
0100000011101110001010000110111110110010110001101000010001111000011110111110000101110010101011010100 0
1110010101111011010001111111111100110000111000101001100011101011110110100010000100010001110001010001 0
1011111110010100111110110010011110001110110110101011000001100011111001110101110001100110101100110000 1
1000011011011010111101010110110010001101100001000011110111100110110110000000100100011000101010011000 0
0000001110111101111101101011001001011100111000001111001100000101000110011110110001100010111101000001 0
0001001101011011000110000001001001001101001100100101100000110011011101111000010110000001110101001011 0
0010111010100001010011010000111000011111111011111110011011011011010011100001111000110011000101001000 0
1001111001110011101110100010011001111011000001100011011011010010111011011000010001100011111010011011 1
1000000000001001101111011111100001011010010110110001101000010010101100111101110010100010011011111001 0
1000111011011001100000011100111001011110110000110100001111101001000111101101100010010011101011111101 0
1101010010101101000011110000011011110111001110010001110001000101010011110101101101000100001011011010 0
0101110101110101101111011100000110001110001001110011010110110101111100101011000011111000001110011001 0
