10

96 100
100000000000000000000000000000000000000000000000000000000000000000000000000000000000000000000000 0
010000000000000000000000000000000000000000000000000000000000000000000000000000000000000000000000 1
001000000000000000000000000000000000000000000000000000000000000000000000000000000000000000000000 1
000100000000000000000000000000000000000000000000000000000000000000000000000000000000000000000000 1
000010000000000000000000000000000000000000000000000000000000000000000000000000000000000000000000 0
000001000000000000000000000000000000000000000000000000000000000000000000000000000000000000000000 1
000000100000000000000000000000000000000000000000000000000000000000000000000000000000000000000000 1
000000010000000000000000000000000000000000000000000000000000000000000000000000000000000000000000 0
000000001000000000000000000000000000000000000000000000000000000000000000000000000000000000000000 1
000000000100000000000000000000000000000000000000000000000000000000000000000000000000000000000000 1
000000000010000000000000000000000000000000000000000000000000000000000000000000000000000000000000 0
000000000001000000000000000000000000000000000000000000000000000000000000000000000000000000000000 0
000000000000100000000000000000000000000000000000000000000000000000000000000000000000000000000000 0
000000000000010000000000000000000000000000000000000000000000000000000000000000000000000000000000 0
000000000000001000000000000000000000000000000000000000000000000000000000000000000000000000000000 0
000000000000000100000000000000000000000000000000000000000000000000000000000000000000000000000000 0
000000000000000010000000000000000000000000000000000000000000000000000000000000000000000000000000 1
000000000000000001000000000000000000000000000000000000000000000000000000000000000000000000000000 1
000000000000000000100000000000000000000000000000000000000000000000000000000000000000000000000000 0
000000000000000000010000000000000000000000000000000000000000000000000000000000000000000000000000 1
000000000000000000001000000000000000000000000000000000000000000000000000000000000000000000000000 0
000000000000000000000100000000000000000000000000000000000000000000000000000000000000000000000000 0
000000000000000000000010000000000000000000000000000000000000000000000000000000000000000000000000 0
000000000000000000000001000000000000000000000000000000000000000000000000000000000000000000000000 1
000000000000000000000000100000000000000000000000000000000000000000000000000000000000000000000000 1
000000000000000000000000010000000000000000000000000000000000000000000000000000000000000000000000 1
000000000000000000000000001000000000000000000000000000000000000000000000000000000000000000000000 0
000000000000000000000000000100000000000000000000000000000000000000000000000000000000000000000000 0
000000000000000000000000000010000000000000000000000000000000000000000000000000000000000000000000 0
000000000000000000000000000001000000000000000000000000000000000000000000000000000000000000000000 1
000000000000000000000000000000100000000000000000000000000000000000000000000000000000000000000000 1
000000000000000000000000000000010000000000000000000000000000000000000000000000000000000000000000 0
000000000000000000000000000000001000000000000000000000000000000000000000000000000000000000000000 1
000000000000000000000000000000000100000000000000000000000000000000000000000000000000000000000000 0
000000000000000000000000000000000010000000000000000000000000000000000000000000000000000000000000 0
000000000000000000000000000000000001000000000000000000000000000000000000000000000000000000000000 1
000000000000000000000000000000000000100000000000000000000000000000000000000000000000000000000000 0
000000000000000000000000000000000000010000000000000000000000000000000000000000000000000000000000 1
000000000000000000000000000000000000001000000000000000000000000000000000000000000000000000000000 1
000000000000000000000000000000000000000100000000000000000000000000000000000000000000000000000000 1
000000000000000000000000000000000000000010000000000000000000000000000000000000000000000000000000 0
000000000000000000000000000000000000000001000000000000000000000000000000000000000000000000000000 1
000000000000000000000000000000000000000000100000000000000000000000000000000000000000000000000000 1
000000000000000000000000000000000000000000010000000000000000000000000000000000000000000000000000 1
000000000000000000000000000000000000000000001000000000000000000000000000000000000000000000000000 1
000000000000000000000000000000000000000000000100000000000000000000000000000000000000000000000000 0
000000000000000000000000000000000000000000000010000000000000000000000000000000000000000000000000 1
000000000000000000000000000000000000000000000001000000000000000000000000000000000000000000000000 0
000000000000000000000000000000000000000000000000100000000000000000000000000000000000000000000000 1
000000000000000000000000000000000000000000000000010000000000000000000000000000000000000000000000 0
000000000000000000000000000000000000000000000000001000000000000000000000000000000000000000000000 0
000000000000000000000000000000000000000000000000000100000000000000000000000000000000000000000000 0
000000000000000000000000000000000000000000000000000010000000000000000000000000000000000000000000 0
000000000000000000000000000000000000000000000000000001000000000000000000000000000000000000000000 0
000000000000000000000000000000000000000000000000000000100000000000000000000000000000000000000000 1
000000000000000000000000000000000000000000000000000000010000000000000000000000000000000000000000 0
000000000000000000000000000000000000000000000000000000001000000000000000000000000000000000000000 1
000000000000000000000000000000000000000000000000000000000100000000000000000000000000000000000000 1
000000000000000000000000000000000000000000000000000000000010000000000000000000000000000000000000 0
000000000000000000000000000000000000000000000000000000000001000000000000000000000000000000000000 1
000000000000000000000000000000000000000000000000000000000000100000000000000000000000000000000000 1
000000000000000000000000000000000000000000000000000000000000010000000000000000000000000000000000 1
000000000000000000000000000000000000000000000000000000000000001000000000000000000000000000000000 0
000000000000000000000000000000000000000000000000000000000000000100000000000000000000000000000000 0
000000000000000000000000000000000000000000000000000000000000000010000000000000000000000000000000 0
000000000000000000000000000000000000000000000000000000000000000001000000000000000000000000000000 0
000000000000000000000000000000000000000000000000000000000000000000100000000000000000000000000000 1
000000000000000000000000000000000000000000000000000000000000000000010000000000000000000000000000 0
000000000000000000000000000000000000000000000000000000000000000000001000000000000000000000000000 1
000000000000000000000000000000000000000000000000000000000000000000000100000000000000000000000000 0
000000000000000000000000000000000000000000000000000000000000000000000010000000000000000000000000 1
000000000000000000000000000000000000000000000000000000000000000000000001000000000000000000000000 1
000000000000000000000000000000000000000000000000000000000000000000000000100000000000000000000000 0
000000000000000000000000000000000000000000000000000000000000000000000000010000000000000000000000 0
000000000000000000000000000000000000000000000000000000000000000000000000001000000000000000000000 0
000000000000000000000000000000000000000000000000000000000000000000000000000100000000000000000000 1
000000000000000000000000000000000000000000000000000000000000000000000000000010000000000000000000 0
000000000000000000000000000000000000000000000000000000000000000000000000000001000000000000000000 0
000000000000000000000000000000000000000000000000000000000000000000000000000000100000000000000000 0
000000000000000000000000000000000000000000000000000000000000000000000000000000010000000000000000 0
000000000000000000000000000000000000000000000000000000000000000000000000000000001000000000000000 0
000000000000000000000000000000000000000000000000000000000000000000000000000000000100000000000000 0
000000000000000000000000000000000000000000000000000000000000000000000000000000000010000000000000 0
000000000000000000000000000000000000000000000000000000000000000000000000000000000001000000000000 0
000000000000000000000000000000000000000000000000000000000000000000000000000000000000100000000000 0
000000000000000000000000000000000000000000000000000000000000000000000000000000000000010000000000 1
000000000000000000000000000000000000000000000000000000000000000000000000000000000000001000000000 0
000000000000000000000000000000000000000000000000000000000000000000000000000000000000000100000000 1
000000000000000000000000000000000000000000000000000000000000000000000000000000000000000010000000 1
000000000000000000000000000000000000000000000000000000000000000000000000000000000000000001000000 1
000000000000000000000000000000000000000000000000000000000000000000000000000000000000000000100000 1
000000000000000000000000000000000000000000000000000000000000000000000000000000000000000000010000 0
000000000000000000000000000000000000000000000000000000000000000000000000000000000000000000001000 0
000000000000000000000000000000000000000000000000000000000000000000000000000000000000000000000100 1
000000000000000000000000000000000000000000000000000000000000000000000000000000000000000000000010 0
000000000000000000000000000000000000000000000000000000000000000000000000000000000000000000000001 0
000000000000000000000000000000000000000000000000000000000000000000000000000000000000000000001100 0
000000000000000000000000000000000000000000000000000000000000000000000000000000000000000000001101 1
000000000000000000000000000000000000000000000000000000000000000000000000000000000000000000001110 1
000000000000000000000000000000000000000000000000000000000000000000000000000000000000000000001111 0

15 100
100110011010111 1
111010101001111 0
110000111000010 1
111001011001111 0
110101010010011 1
001011011000010 1
100110011111000 1
111001111111110 0
101011000110010 1
011001100011101 1
000110110010101 1
101010000111111 0
101101001001010 0
001101111100000 1
000011101111100 0
000010101011010 0
110001111000001 1
011010000110100 1
111100010011001 1
001111011100100 0
111011101110101 1
101011100100010 1
001011010111101 1
000110011011101 0
000110011110101 1
011111011001011 0
011110101001010 0
111001101011101 0
111010000010000 1
111001001110110 1
010110110110111 1
010000011010110 1
000101010111010 0
001011101010011 1
010010110110011 1
100011111011110 0
000101100010100 1
001110010001101 1
011100110011001 1
000000100101011 0
001001101110100 1
101110010010100 1
001011000101110 0
100000000101110 0
111001000111000 1
000000101110011 1
001110111101100 0
001000010110000 1
010111000111100 0
000101000011010 0
000011000011001 1
001010110000101 1
001010010100100 1
000101001100101 1
010110011011010 0
101110101000000 1
101001101010110 1
000100010010000 1
011100110010101 1
011011111010011 1
010011001100110 1
011000111111010 0
001111101110010 1
011000111100011 1
101101110011110 0
111111010010100 1
010001110101001 1
100010111010011 1
111111010000010 1
000111100000001 1
110001101000101 1
111010010010011 1
000010000001101 0
100000100111001 1
010110010011001 1
010010001111001 0
110110010111101 1
011110101011000 0
101001001110100 1
011110011101001 0
000000111010110 1
110010100000011 1
011010101010011 1
011101001001110 0
101000111011100 0
010000010010111 1
111010100111110 1
101111111011111 0
001100001111110 0
001110010000111 1
000000100011011 0
101111011010101 1
000101101011101 0
100000110101111 0
111000010011000 1
101101000001011 1
001000100000100 1
111101000000111 1
011010111110110 1
110100000001100 1

30 100
111100000001000100000000100010 0
001101101101101001100100101111 1
111001000111111100000011110011 1
010111111001100100101110010101 1
001110010111011111100010100000 1
101001111000001011111110010000 0
111110000000100101010100001001 0
101010110100000101100100101101 1
111011101000110010010100000111 0
001010100000110110100001011000 1
000101001001101110010101110110 1
111010111110110000000100110001 0
101011101011111111010110000101 1
011001100101111000000010001100 1
001000110110001001100100101100 1
100101111001000010110010010100 0
100001101100111001111011001101 0
111001100100011010011001000110 0
011010010101110011000001000110 1
010011001100101110110110110010 1
111100010110011101010100000010 0
011101111100101101101101101011 1
100100011101101000101010011010 0
000110001101000010011001000010 1
100110101000110100111000000110 1
011101000111001100111110110001 1
100001110001000100010110100111 0
011001111110110111101111001111 1
100101110000010101010101101110 0
001010100110101010101000011101 1
100110011101110101000100110001 1
110001000101010011011101011011 0
001010010010010001100001111110 1
100010001001111110010111010100 1
110100011010101111111001011010 0
110010000110010111101100001011 0
000100100001111000101111111100 1
111011110011110110100011100001 0
100111101100010101001010111100 1
100110011110100011110111100000 1
001111101001101111011000100110 1
100011100101001100011010110001 1
111110011110111111101111011010 0
100011100010000101000101111101 1
111000100111101000001100011001 0
100111011010111010011001011010 1
100011110101010000111111110000 1
101000111010000101010111001001 0
001000111101101000011100000011 1
110110001100001100101101111101 0
100000001111110000001101010111 0
001001000111110110110011011001 1
111110011110000011101010001010 0
011101100111111100101111101011 1
111010011100011010111011110101 0
100101110000111111001010100101 0
101100010110011101100100000111 0
011111011101110011101001001011 1
001100111010110100001001110101 1
000000111001111101101010100000 1
101101010011010110011001101111 0
011110100001010100111000101111 1
101001000001011111010010010111 0
011111101100100011000110110001 1
010101000110010000110000111110 1
011100000111001011101100001111 1
110111111010010101001011010001 0
001110010000110000001010100111 1
101010000000101101000000100011 1
010010010100001000000000010000 1
111101001101101101100010001001 0
100111110010111110010001000111 1
011100011001010100101000010101 1
001011000111101010111111001100 1
100110100010111101110011010000 1
110000100010110111010001110110 0
010000001001111001011110010101 1
100100111111100101000111101010 0
011110101010111100101010101110 1
110000111000101001100110010100 0
110010101111110110110001101001 0
000010100111000110000101000011 1
111110010101101111110011000111 0
011101111111010100110101001111 1
100000011100111111001100110001 1
010010001100111000001101111100 1
011001100000111111110100011110 1
111000101111101000011111110000 0
000001100011100001010111001000 1
000001101000101100110001000110 1
100001110111110010000011111000 0
001010101110000010010101000000 1
011000001111111101011100100101 1
101101100011100101110010110001 1
110011011000000101001011110111 0
011000000100111010010011101011 1
101100000110001010010001101110 0
001101111001001011001000101011 1
111100011110111000011110001111 0
100000011101111101111001100001 0

45 100
111100000010001001000111011010100100100100100 1
110110001011101011110110010011000011011001111 0
100110000011010110111000001111111101101001110 0
011100110110011000101101100010111010001000001 1
010011110000010110100101101011110110101101001 0
100000101111100010010110001000100100001110000 1
011001101001001100110111001101101011001101010 0
000110000101001110001001110000001000001011010 0
111110111000000011010111110100011100010100101 1
101111000011101011101111110001011000110010100 1
011011110000101110100111101001010010101111000 0
110110001100111100110011000000100111010100011 1
011001000001011011101111111101000001111011100 0
010111100011110101100111110011010000110110101 1
010100011100111001011000100001001001100001010 0
111000000100010011010100001010011111111000001 1
001101000001111100011101111010000010110100110 1
001000101110110111101110010100001101101111100 0
111110000001001010111011100100101010010110011 1
100011110010100001011100010011101111100101001 0
010101001000011111100000111111010001101101100 0
001101111001010000011111000101001111100010111 1
100111000101010011010111101111001010000011110 0
010001100001100001001000111001000001111101111 0
101000000111010001000001100010010110110011110 0
101111110110100110000000011100110001100111000 0
011001000011011100001100111101101001011010111 1
111110000110011010001010000001110000000101101 0
001100111001001111111111011100000111110010010 0
010100001110010001110100111101001111101011110 0
000100001000101010100001010111111101010110100 1
011101100001110001001011101011011111001101000 0
001010001110100011100011111111100001111000100 1
000100111010100000111000001101001000011000011 1
010101100111110100000011010111110001111100010 1
101101110010101010011000101001111001110111001 0
101110111100101010011101001000011110000110100 1
010001100001010001011001111001000010101101110 0
110101101000000000011100101010111101000100010 1
100001101001001110011111001011000100000000110 0
010111001000110100000100110001000011110000110 1
001101011101100101100010111001111001100010100 1
111011000101100011010111101100111010100110011 1
101000111100000101111010010001110010011101000 1
100011011000101011011101000000110110011001011 0
101110011110110001111010011000110000111001010 0
010101111100100110100010111101000001110011001 0
111111101010010000101010101110001110010011011 0
011110100011000001100110100001000111001010010 1
111011100100101101110101110100111110000011001 0
000110010100100010100011000111011101100111101 0
110010001111001010111110001010001001011000100 0
011000110101110111110000000101010111100010111 1
001001001010111101010011011101101001100101100 0
111000001010111011000000111010001101101000101 1
011110110000010001100110110010101010001100101 1
010100010001001100010011111011110100011010110 1
100110100111100111011001111011101110000011111 0
001010101010001100110100111000000110000101000 0
000100001110101001111111111101001011111001011 0
111110000101000101111000001110010101001001101 0
110101100001100110111110110001111101100100010 1
010101000110111010010110010001110101111100100 1
011001101111000111010101011111010101011110010 1
010010011000010010111100011001101110111010111 1
101011101110000101111000100010110010110101101 0
000111100000010101001111010000100011101111011 0
111110001100100000011011100101011100001111101 0
111101110100000011011010111110001001111101111 0
100110100110010010011110011000100011010001000 0
001110001100101001001011110111011100011101111 0
100001010100111100111100001110000000111101110 0
111000100101010010001110010010101001111101100 0
101100111101111011110000101010100110101001111 0
000100100010100000110101100111010000010101111 0
111111010110000000000100000111001110011010010 1
000010111111000001101110100001001100101010100 1
011011101110111110011010011011010111010001010 0
011100101110101110111101100110011000010111101 0
001110010010101000000000011110011100010011000 0
000000101110011100010000010110000000111000011 1
001010110100010110101010000110010011000000101 1
110111101001111101100100000110001010110011000 0
111111010000110011011000011011000111001001100 0
011000000111101111001100111011010111101011101 0
000011111100111101000000011110011000111000001 1
100001001010100101101011001000110010110011010 0
000001010111110110101001011001011011010000001 1
100011011000011000111101111111101000101000001 1
011100000011100100100000100101110000110110000 1
111011101001110000100011101111000110100000011 1
011101110001111011101001100101101011000000011 1
110110101001101100111111010011100110110110011 0
011110100100111010110100010001001100010000011 1
111001101110001000100111111101110000010111111 0
101000001110101011011011001110000001001100110 1
100110001000111011000001100010100000000101010 0
100101100010101011011010011001101111010111101 0
100111001010000101011101000101010011110111111 0
011010111111100110100010101111010101111010100 0

60 100
011001100000111111010011001111010010100100111100001110010110 0
110110010101110001000111111101111010011111001001101001110000 0
011001000110111010111110010110110010100111110011001000001111 0
001000100110000110101101001100000010000010000110100000100010 0
111101100000000110010010011001100010111111111010011101100001 0
110101110001000010001100101110101001111111011010001111000101 0
110111000100111110111100110011101100001101110011000111000001 0
111011100001110101010101111010011111001101010011010000101001 0
001110101000101110100100000001001010010011001100110110011001 0
000010101100101101001011000000110111100010010101001100100101 0
101011001011101000111011100101001000100010100001110001011000 0
100100011001101100000100111101011000001101011001011101111001 0
001001000001010010101001110111111111001101000111100000110101 0
011100101000110000100100110010111001100000111111101101010010 0
011101001001101110000001010000111001101000000111111111110101 0
100100101101101011010100000101011101111010000110011101111101 0
100010101111100110101000110101010011001011111100110000110100 0
010101101110101001001001111001100110110000010101001101000000 0
110100011001011110111000001001000011010110010001011011011101 0
011000011001011011100111110111011111011111001000111100001010 0
110000001110011000111001001011101001011101100100110010110011 0
111110100011111000110110100101110001110111000110100101111101 0
000000110001011000100101010000000101100101010110100111000100 0
001110011110100110000011010110001010001110111100100000111101 0
111101100100011010110100110011000110011001100001000110101111 0
110111100001101110010101010001011100000000110001000011100000 0
010100100100011010001110010010001011111101010110100011011000 1
000001111110101001101010001100100110101011001101001100001111 0
100010110111010100001100101100010011111100001001001011010100 0
010101010100100101001000010110011000001011100100001101000011 0
100010010011111010111010010101001000100101000000011101100111 0
111010110011011001011110000111110111100100001111111010010010 0
010100000100100111010001011001010100110100001010111011111011 0
000111001100101111101110001001001110010101101011001111111101 1
011100110101001110101010110011011011001011001110100000111100 0
011001010101100010111111010110011100001011100101011110011010 0
101001100100100011000111110101111111001101110111001111010000 0
010101111010100011111010000000001011010111111011100001001010 0
101101111001010011110001001111101101010101000101011011001111 0
011111111110111010101100100011010010101010111010000000010001 0
010000101001110100110111001001010010010110001010001000100101 0
000010000111110100111011110011001000011100000010111010001011 0
110010001110110000110100110101010011100011010010100110111101 0
110100000101111001101010101111100010001011100000110111110001 0
111100101110000000000111001000001110110000010010010000000111 0
111001010000110100001001011000011110111101110101101011110110 0
111111000100010101000110010101100011110100100010110000011001 0
110101011010110100100100111101110111010010011000010000110010 0
010101101111101111101011101111111101001111111000101000110100 0
111001000011101111010010101001100000110010100011010011101010 0
001000010000101010001010100110010010010010111010011110010001 0
100100110111000010101010000010000010100111001000110001000111 0
111000100011110100010111101010101101111101010000010001111100 0
111010110011001000010011011111000110001010110000000011010101 0
001011010000100100000010000100010111010011001011011101101100 0
011100111100101110111010110110011001010100110001000001001010 0
101100000100100100000010011101111110110000010111111110111001 0
011101011010110001111001011000001011110100111111100000101011 0
110100100000111000100100110101011111101101010110010001110110 0
111001100100110011001100000110100110001011001110010100000011 0
101011010010111001001101110001111010110001010111011101000001 0
101100010011001110101011111110101111110100000100010101010001 0
011100001101101001000001010011111001101011100010010010101101 0
100011111110010001001010011100011010001110110000100010011001 0
111101111001001000100110000011000011110010010110101000001000 0
000011001000010011110110011011001101001011011010111101000110 0
100001111100111111101000010000110101110000011000110001000100 0
110111001001010001011010100000100111010110010100001101011011 0
111000110001101001000101100010101010001100010110010010000000 0
100110011101111011001010000100101110110100011010111100100111 0
111001001101101111110011111010001100100010010100011110001110 0
101111011010000100001111101011000011110101101100000111101000 0
111100001100000000000111011001010101001101101100100100101011 0
100001010111110000001101010000010011100111000010111001110110 0
110111011100110001110111000100110111010110101101010000000000 0
100011001110001101001001010010100101100011011000100010011000 0
101000100010001011111000001000010111011011011000110110110010 1
011110101010000000000111011000101000010111000000000110011101 0
101101110011011010100010011111101011100101110010000101100101 0
111100000010100110000100010110101010010111101101001011010111 0
010100101010100101100111000111001011101011001011101100100110 0
101111010001110101110010111001111000111010101001110011010110 0
011101011001010011100111000100000110101001100101001011011011 0
100010111101001111010001001010100100001111000011110100100011 0
011101100110110111001001110101101011111000010011111010101111 0
110101110110110101011011110111000010100111100010110011110101 0
010011111010111111101100111010110111000101011110000010001110 0
010101001101100010110101110101100111011110000011000110001011 0
010111100110100011011100101001100101010101101000101101110010 0
100001101001100101110010100100110111001001100110001100111111 0
001110101101001001001111000111011001001011100000100001000001 0
011010111111011011111011001000001011000011110011101000100010 0
110101000011100111010001001010111001101100110101000110011110 0
110101000010100011010100111110001111010111101000110100000111 0
111000110011111101111010010001100000111110110000111100100100 0
000010101100010010111011111000000001000010011010001110000010 0
100000000010001011001111011001001000000010010100100001100101 0
010010110100001101001000000101100111101011011111010100101011 0
000011110100001111001101100110000001010010010001100000111000 0
000101101111000001111110001001000010100001001000111100100010 0

75 100
000101111000100111110000011110000010011110110101000100100001001101100111100 0
110010111001000100001111000111000001110010100110111000110001110110000001111 0
100011101011011101001001111000111100010111101011101000011111111001110101111 0
111011111110001110001111011110101110000111111001101010001110111100100111000 0
001110000001100011111111000100100001000000110111010101001011000100000000101 0
101011111000010100000010110011111011000100110100100101111110011010111101000 0
100100010001101011001100000000001011110111011110010000001011111000110001100 0
110000001010101011011101101001001001100001011110010010101011011101011010111 0
011101111000110101001010100010101011101001110100001110001000010111101010101 0
101100111110100011110010000101011010001111101000101101111100111010010011100 0
000100111000000110100001010110101111100010111100111011110101011111001110101 0
111110101001100100011110001100000111101001110110111000101001001010100100010 0
010001010111110010000001101111000001000001111110101001110001001011110110101 0
110111111001000010101011001101110101110010100101111100000010100110000001011 0
100011110010001101001001011000010000011011011100000000101000111111111110000 0
101011010101001111010001100100010011111111111001100000110100110011101000111 0
110110100011001111101100100111010001011011111110000110111100001001000100001 0
101111100011011011110111001100011000110100001001110100010100001101101111101 0
010110010100000011111010011110011000100110001000001101100001000110000010010 0
001001110010011001111111101001100100011011010110001100011011111101000101000 0
111111011010001010111111110110001011110001100001101010000001100001111001111 0
101000110100100000111000001011111011000110110111100110111110011111001011100 0
010100011000100110001000011101101111000100110101100000100000010101001011000 0
000100001111111101000010001110010001101010111001110111101110111110000000011 0
111001000100010100110100100001011101101111100010000000010110010110100011011 0
111111111111000100010110001011000111001100100110101110111010101110101011001 0
111010101000110011010111100111100011100010001001000011101110011110000001001 0
101101100001100111001111111000010101011011101110001110101001000110011110010 0
000101011111100001101111011000000110001010110111001010111011000011011111000 0
011010001110000000111111100110111110100011111100111000111100101010000010101 0
111000011000110111101000010011101001010111100111011011011010101001010001100 0
110001011010000111011001011011100001100001000101000101100001101100010101001 0
111010111001000101101100001100100101111001101100010000010101111101110010101 0
110001001010111010011111100011000100000100111000000111101100001011010010000 0
100100111011111110110100110000010000111010101111100110110010011111101110101 0
100110000010000011111110000111000011001101101001100011010101011011101111001 0
010010000110001010101000111100100101010001001100111101111111101110111111011 0
010011111000111110010101000111101100111011011100101000100011101001010110111 0
010110110100111001100111101010011000000010001001111110000101100001111110100 0
000101010110010010011100000100001011110101010011010011011111111010101100001 0
001010001100011100010111111110010100100010011111110100111011110100101000010 0
011000100001110001101100111101100100100100011111010100011101000010000011110 0
000010010000101101110110101000100111110110100111000010100010001010101110110 0
011011101000010111101100000010011110000001010000010101011010111000101101000 0
101101000011101010011100101110000110111100111010110010000111101010000100011 0
101011001000001101111001101110000010110101101011110110000001000101100110000 0
000011101100101011110011101000110011101011010011100000110011010011101000011 0
101001001100011001110011101111101000110100100010100101011100010011010000111 0
101001101100001101110100101010100100010100011101010101111001011000011100101 0
111000101010111111011000110111110110100000011010110010011101010101111011001 0
000110100110011111010111100101101110101100100011110111000100011000011101001 0
011001111001101110111000101100111010001101011110001101100010011010011101101 0
001000110010000010010001011110110010101100101110111000101010000011100010101 0
100110110011101111001101111010000110101111001110110000101000111100111100000 0
110010011110001110010001101101011000101001001110111011101111000100111111001 0
101110111010111011110111000001101010001101100001110101000000110011111000110 0
100111000100111101101010100010010000100010011100110001011111110000010010001 0
110000001111010100100100110011010011001111010000001011110110111110010001110 0
111010001110100011101010001110001100010100110110010010010101101010011111101 0
001010000010011110010001111000000100110110111011110110110010010010001101110 0
011101000110100100010010111011111001001000011011010011011110101011111111111 0
101111101010110011000011101010100011011111100111010011100011000001100111000 0
111101101101110010000000100100101011011100011011101101111100110011010100100 0
110011110000000110011000110110000001111101100111110111110101000000110000000 0
111110001111010010011001011011000011010101011010100000101010111110110100001 0
110010010110100001110010110000111110111000011011000011001001000111110010111 0
101101111100001001000110000111101001111011011110010011011000110010000111010 0
111111000011111000110110001001111100000111000000011000101001000110111100010 0
100101101010111111000101001011001011110011100010010000101000101000011001111 0
111100110011000101011001000111010001000001011000101001100111100101001001000 0
011110000100101000101000001010011110010001011111111011011000000111110010110 0
111000111110111111000000010110100000010111100001101101101010000000100111011 0
111100000011001011111001110100101011010011111000110110001110100001000010101 0
111001111010100000001010000101011101011110101001010011001011111001000110110 0
110100111110111100111110010000011001001110111100111110111111100101011100001 0
111010101010110110011000011010100101101000101110110110111010110101011101111 0
001111010001000110011000100111010111110111001010101001100111011000011001111 0
100001111011100111011011010001001100011110000101000001101101011100101001001 0
111010011100000011111101100001001000000110010010101111011010110010110111110 0
111011110100110100100010101011000111000100111100100101100001100101001111101 0
111011100000000110011110010111010110010110100111100010111100011001010001011 0
110011101010110100111001000110001010100001010101110010100111110011011011100 0
101011011111000010001110111111101001100011111110000110001110100000110111000 0
001000110111111011001011110010110110111101010111001101010011011100111100001 0
111111010000001010111100000000011100001001001000001111011011010100110010000 0
010011001010000110011001000000001000100001111100100000010010010011011110001 0
110110101111100000011001101000001010100001110110011100010110110001110110101 0
011000100000111111111001011110011110110010000111110010111000000011010011110 0
110000000111101101101111001111000001001010100001011110010101000100001100111 0
111100010100001101000001101010011100111100100111011010100110111111100000011 0
000101111100010101010101001010101111100010011010111011111011111000110100001 0
101001010100011100110000100110100000111001001111100101101010000011100000001 0
100011110111110110101011110101011000110101110100100101011001100110100100110 0
001100011100111110000110111001101110101011100010010111100000110100110001111 0
110000110010111011111011010000011011001010100001100101010110110011110001111 0
110010100010101011000110011100010001011010100001101101000111010010110101110 0
101011110110101110100010110100110011110101011100110000011000011101010110010 0
000001001010100110011111001011010110010101111001010101001100110101101111000 0
001011111110101011110011100100111010010101111010101000110011000111010001110 0
001101111100111101110101100010110111000110100000111001111110110001101111111 0

90 100
110011011100111001101001100000011011110010001101001001100100001101010111101110000000110110 1
101000110010111001101100000011101000011110111010000111101000110000000011000010010000100000 1
110111001010001011001101001101111010110010010101001011100110000101010011000010101000010001 1
100001001110111011110011001011001101011001010111110111010011111001110110010011000011000001 1
110111000110110000000010010010101110101110111011011011000100100010000111010111110010100010 1
000000000000010100010100000011011111100000001011000110111000100011011011011111001010001101 1
100011001010000101100110111101111110011110011001111100101011101010110011011111001111101100 1
001010110101010100001110110010011000011011110000000101110110011111111110011111110000111010 1
111011100000111000110110101111101000100100111011110101010101110000010011100010001011011011 1
011010000011100010011000001011010111111011111110111011101000101100011011110001000101011000 1
100100100111001010010111011011001010110101010111100111010111000001010001100111001011000010 1
000001000001111100110001001001001000000000111000001001100100010010010010001000010110010000 1
010010000000100110100010000100110011001101110101111110101111000000110000010010100001011110 1
111111001000000010110110011100011000101101111110110001000100101001101010101110101100100100 1
111011110100001110101001110110101001110001011001011101110101110100010010101100001111001111 1
110011001001001101100010001110001000101011011101011010010110010111011110011101000111111010 1
110001011111101010011100101111100101110001100001110001011000110010101100110100011010111010 1
110101000100000101110000110010001110010001111101000100111110100111110111000100000010010001 0
011100011110010110001011101111110001100011011010010110100011110010100100101000011101111101 0
101110000000110110100011100101001111101001010000110101010000000100010110101101110000100110 1
110010100000101100001001011100111010000110100111101001000100111011001110101010110011111011 1
010101100011000010101100011001110100011000100100010100100010101111011111111001000010100111 0
011000011110001000010100011100000100000111001101010001100010010011111101001101000100010011 1
010001111010001100001101100111110100111001001101101011001011100010000000100010110011111110 1
100101101111011010100110111000010000101010101100100110101101101111001111101011101101111000 1
101110100011110111011010111011010101111110000011000100111010011001100111101101001111100010 0
110101000111111000101000100110100110100111001111101001010101110111101111111010100010011001 1
011101100011101111000110100111010000110101110011111100011000111011001111000001001111011111 1
100111110011110101100110111000111100000101010010000010001101011101111100001110111010001111 1
111011000100010100011000001100011101001110111101010110101011110010110100101010111110100010 0
010000001101000000111000110000100100000111011011101001000100110111011001100100010101101111 1
100011001100000110001100011000010000000111101110011111110011010000001110000110011100010111 1
110011010100101111110011011100101000101101111001110011100011011011001011101111001000110010 1
010001000010011100111110010000101101011110110000011001010010111001010100011010011010111100 1
110100110110100110101101010111100100111000010001000010101011101101011111001001011011001100 0
110111100000001100110101110010111100011111101011001011100100011101010101011110010101111110 1
110001011111100011101001100110000100011000100101011000110101011001000101111111011111100101 0
001001001110001111110001011110010110011000000010101101000101000011100000000001011100100100 1
001001101100100010001011110010111101011111101000011110101101100010110001101100101010000010 0
101110100111110010111001011000110110100111000001100001000110100011001010011001011011110111 1
010011010110101101110010100111100101011000010001100101110101011100001101110010100110110100 1
100000011010100110011011101000010010001101111111010111001000011011001011110001101010101101 1
000001000011100011110111110011110110110101110111010101010011100101111101110100011001001000 0
110110001000100000011011010110111100100001011111111100000011000000011101001110010100000000 0
000000101001000100110110111111011000110010110100011000111000110010001010001101100101110111 1
001111100010011110111000110011011101101100001101010110100111110001111011011001100111000001 0
101100101110000001110001011010100111101100100100111110001000000111000110110100111100110011 1
110001001101011111110011101110111111000010101110001101011101010101111111101010001011111001 1
011011100011100111110101010100001000111110100110011000011001000100010111100011000101100110 1
100111101010110110110111001111000011101001100111110000100101001001101100010011000000001011 1
111010111001011101111110011000001100110000001110001000000100100010000010010000010110110101 0
110111111001011001010100111010001110000100010110101111100011011000000011110111101011101110 1
101101011000100010111100000110110001100110100011000100001000011100010001000101001111110010 0
010110111110110011111010100000100111000110101011100001110110000001101010000101001101011010 1
110111010000001010010111010001110101100110010111100110111101010000110111111000110010001111 1
000010000110101101000010011101101110111000011101011010001010110001100001000111110001101001 1
101000101100100111011011110001011110000111111101100001100000100101100111000010100111001001 1
011110010100000001101010001000100011111111110010100000100000101100010111100101111101111111 0
011101011100010111010011100110101011111111110010111010110001011111100011111010001101100100 1
010101001001010000001110010110111101010010111111111000101110011100111110100011101001110011 0
100010101010110101000100000011100001001000001011101011011010110111011111111011111010011110 1
010001000010111000111001010101110011111010011110001100101100011110011111110101101000010000 0
101011000111001110010110100111101000101010111110111101101010110010010111001110111000100101 1
100100111100101001111111111010101111010100110110001111000100000110011001000011111010111011 1
110010001010010001110001100111101000000001000100000100010011101001011111011100110100001000 1
111011000110011111001001001001000000100100101110011011110000000000011111101010001101110100 1
010010111000101101101100010111010001110010101011001111110100011011000011101000101010100100 1
011110111100000010111110010010100011100011001000100011000000110101011010110101111110000100 1
101000011101010111100000101001101001010100000001110110000100010011110000010010011001001010 1
011010100110000011000011011011110011000001001000111010101000111010111111011101010110110010 1
100111010001000001010110000010100010101101001001101110110101010011001111110010011100100110 1
110010011011101101110011111011100101111110000110011111010111000000011100100110001110011101 1
010011010111001011010101010111111000101101001000100000100111101001011011110010011011101110 1
001010100111011000011100001101101110101110111010011100100010111100110011100001010001001001 0
000100010101001010100101101110010000001010110001011100010101110110101100100100111001000100 1
111111010111011001110111011111111000001000100000111110011101110000000100101101101010001011 1
001001001110111010011011110101010110001110101010110011000010011001001100111000111110011000 1
000001010010101001110011000000000001110111001100111110011011100100001010111111101010100001 1
111100101010111000101010110101011001001100111001111011000010000100000110110110001011111101 1
010110111001111011111100001100101110001100011000110000000010010001001011001101010000000101 0
100111111110111110100100110010000011111000101010100111000011010111000111101000010111011010 1
011101111100001101101010000010010100001011011000100101111110010010010011101101111100001110 1
101110000000101000110000001111111000001101101001000000010100111001100010100001111111000011 1
001101011001110111000101100011001010111011100110010000000000100001010111111100111011011111 1
001100100111000110101110110001111000010001100101111000111100011001000011101101010100010100 0
010011000011010110010111101101000110010001100010011010100010100011011001111110110001011001 1
111100111110011000100001010111110000100011100001011011100010101011001001011001100010100001 1
011000000111100101111101101110110010011000110111000010100111100101011111111100010011000111 0
101000011111000000010101111001111001001000100100110100011000111011110010000011100110101101 1
100110010100110001111001101000111000011000011011000101101000001100001101100000000001111111 1
110110111010011001001100011101000110101101100010111101111101011000010001101100000110001110 1
110011001010110110110001010000101100001010001010100100011110100110100001000111000010001010 1
000100100100000111111110011000000000010000001000010111110110110110011010100000000001110101 1
100110100110010001101100100001001010000011001101011110100100000101111111001111011000010000 1
011110000101100111100100110111010101100110000011011001100111010000000011001001100010100110 1
010000000011010001101110010110110110100101011111011001010001100110110100011101000000101110 1
001111001110101100100111010000100010010101101111100001100101011001000111011000110110001101 1
011010111000011011011100011110111010101000011111010110111000111011101000001010110111100110 0
011000111011000011111000000110011101110110000101000100101110100010111001001011111000010100 0
100110101100111101000000101001001010001011000011101101011100000111110011000001111000001111 1

100 100
0101001001010011010000111011000011111111000000001000111011111010111000100000000110100101011110101001 0
0110010001101100100111010110100101101101101010010001100111110100100010100000001001111001110110100100 0
1001100110000100011111010000000100111110111101100101000010010011100011000101011001100011010101011010 0
1101111010101101010001011111011100011000011101111111010101001011001101000110001110011101011111111001 0
0111010111010011001101010100011000001010100101001001100100101001000101001011100000010000110011011000 1
0010101100100010011100010100001000101011010011100010001010010001011110101101011000100010011111000110 0
0011001010011001100111011010011010000101101001001010111001000100000000010100000101111111011001000010 0
1100110111110001111000110111011110101100011101010000010001111100100010000010111011010001010100110110 0
0000101011010110100101110110010010000011110100000011000011001000011010001001001100001010110001100011 1
1111100101001011100101110110000101111111010111011000111101111101011000101110111001010011100000000100 0
0101000001011101010111111110001011111011111011010001110010010111000000111000100100000101110101011010 0
0101100100010011000101011100000000111011010011011011010101101001001100101100101010011001101100000100 0
1000001100000100110111111011010111111101100110111100001000101110000010101110111100110110100111101101 0
1111110011011110011010000011001100010111010111110101101100101011100111010011101111011101111000110101 0
0110001010000111100111100000000011010111110101000011101000000001000011101111111110010010010010110111 0
1110011100111011101001110111011101010100011111001101000010111011110101000110010101101100111000011010 0
1000001100011001100001001001101001001101001101010100000100010111001111111010111101100010000111001111 0
0000100101111011101100110110001101100110101001101011100111101010000001011110000101010111001010011011 1
1000101100101100010010110000111010100011011101100001001101101100111110001111011110010100100011000110 0
0011110001101101110110000010010011100111001010111100111110111110110101010011000111100011011100111010 0
1111011010100100001110010110011001100101110100000101101110101101011001100110010000000110110000101000 0
1011111111101100101001000000001100011101101011100000001001101001100001111010001011010110001111001101 0
0010010000101000001010101100010001000101101001101011001101101101001111011110000101010000100010100010 0
1110010101110010111110011000100011011001000000011101110110110111001101001100101000111000011101011101 0
1000001101101011111010101010001100110000010111001110000101101100111101000011010101101111011101111001 0
0111011110101010100011011101011000101010000101101101110000101011101010110111101001110111101010101000 1
1111000110100011101111001011110001111100010011101011001100011001110010011110000010110000000110001110 0
1110011101000100100101001100000101000110010000011011110000100100001010110110010111000001011101101010 0
0111011110001011100011110101010001010100010111001011100010101100001001000110010001111111101111110000 1
0001100000001010101010111111111111101101111011001101000111100011101011100101000100000011101101011111 0
1110010011010000010011100011000100101100011011111100010011010000010100111111000110101101100111110111 0
0011100001111100011000111110000001001001110011110010111001101100000100001100011001110010100110111101 0
1100010100111010011010001110001100101111111110110001101010111001011100101011000000010100011110001110 0
0010101101111111111010110101100101011100001010100001010010101111111001011110000000100101111000010100 1
0100000010011010001110000101101001000011010100100000000010110110011010111001010010000001000111110001 1
1001011110110111111110010010011111100010001111010101010010011100010100100010111111110111110011110100 0
1100001011100011101011100100111101101000111110100011101010011101111010111001011010011110111001110100 0
1101111111011101010101000101100011110001001101000101001011010011110010111011011001101011010011110010 0
0111001001011111001101011101001111001101001110110000011101011101001011111011000001000010111111011110 0
1011100110101001100101011110110010100111011111000010011110000001010111010001100101101100100100111100 0
0110100101001010011011110001011000101111011100101110001000101001111001110100101110110110100000110110 0
1100011000100001100100101100010101100100110110000010010001000100011001001010001000011011110100001100 0
0010100110010111000100000001101101011010111100001111110100010100001110101111101011000010011000010101 0
0111110101011001101001001100000010101111011111001101011100000001010111111010111011010111111110101110 0
0010101010100111001110011010011010100011000011011100110111110000110111100101001111110100011101110100 0
1010000111011110111110101010011010011100011101000111100001000001010101000100000111001001100100011101 0
0000000011100100110111000111111011011010001011000010010001100001100001101000110110111110100100110100 0
1101110011011110111111010111110001100101101000011000101100011100010010101001000100111001010000000001 0
1110100100011100010110100100111000011101100000001111101011000100011101010110100111001100010000001111 0
0001000001111100000100110001100100001101011011010100111010110100011101001100111101110110111101100010 0
0111110001011010111000101100110101010100001100100000010011000010111101110000000001110111011010000010 1
0110000001010101010110011011100110110010100110001010100001101111110110000011011101011011101111010001 1
0100000110100010111100110011001110110011000011000101010010110100101100001000000010111000010000010000 0
1011011000001101101100110110101000010110110110001011010000110000001011010101100001000010000000100011 0
1000010110110011101100101101011001000010111110000010000110000100000110101010000101101010010010011100 0
1001100101110100001011110001100000000010111101011110000000111101101101110000101110100101000110010000 0
0110010011010000010011001101110101001010111111110100000010101000100001010001101011001000010010010010 0
0100001011101111110110000100110101101000000111110101101100111001110010010010101111001011000100011011 0
1011110101010010100011011010101100000110000001001000100101101011011001111111001101000010100001101111 0
0011001000010010101101101010100111011111111000010011101000010001100111011111010011110010000100001110 0
1111001011101001010011011000111100011110000111110111010101010100101010001110001010111111011001110001 0
0101101111110000100011000000001011001100111110110011101100100101000000011000001001111001011001010010 1
1111111111100011001010000100000011110101001100010111110110111110011100000010011110000001110010011001 0
1101101000101001010100001011001111001011000100100100000101011100011110110111101111110100001110011110 0
0111000000011111001011011100001000101011010100000011111001010110110011110001011010101000001010001010 0
0100010110010010010000100101001101101010011010111111000010100010000101110011100001001001001000100111 1
0011110010010000010001100111100100011010111110001000110111101111101000110011011010011000010110100010 0
0000101011111011111001100000100101111010110011000110000000011101001100101101001100101011011101101010 1
1000011100111101010001000110011111000110101011001001101011000110010001111000000100011010100110101100 0
1110100101111101000010011001001001011011100010001000001001110010111010001000100011011110001010001010 0
1011000100010111110100001111011111011101101000111101011100001110011100100000011110011101101010001110 0
0000000101001110101111111101000100101001101100110111000010111101000100010100100111011010001100100110 0
1110001000110000000010011010111010010110101101101011010100111000001100110111001000100110101101110100 0
1100011101110011111000001100100110101011100101100001001101011000000101000110000100001101000101101011 0
1110101100010001011010001011111100110011010010101000011010111000111100001011001111010110111111100000 0
0101011001101100001110101110111001101011101010000010000001011111000111101011011110101101100010110111 0
0000111000001010001011111010111111000100100000000001110000111010110100111111110010110010001100111101 0
1001100100000100100101000101010101011101111100110110011001100000100010111000001110101000100000011010 0
0100001000101100001001010100001000000100111111111011010000001001001001110001110001100000000100001111 1
0010101011000010011100101010101110100001110111000110101000111000010010001001101110000111100001000000 0
0000011001101010101100110101100000010010111010000110100010100100111111000101101110110111101110001100 0
0001010001100000111111011100101101001001110100110111010100110000000100011011101110011000001000000011 0
0010111000100110110110010010000010001001001110100001000101100001011110010101101101001010010011110001 0
0001110110100101101001110010001011101110100010100001110110110011001100110110000001110000001001001111 1
0100000110100100100100010000000010011000100110101101100000000011011101111100011101011011010111000110 1
1100110001011001110111001011010110101011110110010001100111010001010011110000001011001010111111101100 0
1101100010100100101001010001011101100101110000010000100100001110000010011011011011101111111100111110 0
1101011000111000111100111000001101101001001101111101100100101101011110100010111000010000101011110011 0
0100101000000100001011100001101110100100100100101100011111011101101010000110100010101011110100000101 0
0101001111010010100001101110100100100011101000000000110001110110100100110010000001000001010001011011 0
0100010010100110100100100111011000001010001010000110110000101001001100000101100111110010000100010100 0
0001000101011101001010110001001110010100011101010111100100111000001010001011100110010101110000000010 0
1011101110111010001000000010110111000101010111110010011100111000110100001010000011011101100001010110 0
1110010110010100011010000101011000001011010010011010011001010110111010110111100001100000101010001110 0
0100111110101101100000101000100100111100110000111111011111100010011001010110101011110101001000001101 0
1000101100111010101111110111000110101001010011001110101100001010100000111111011111101011111000010011 0
0001111010101111010000010111000000110001011110011110111000101101111111010101011100110010101011111000 0
1000010100111110011101000111010110100010011100100010100011111100000000001011011011111110100010010110 0
0000010101010101010010011100101111110100000000001010110000010101010010011001101000111110111100101100 1
1011000011000011110111110000010111111110010010111100111110101110001100001011000000011001001110101011 0

100 100
1101000000000101100001011010100011001001001111000100000101101001101001111000000011011010000100011111 1
0011011101011000100101010101110101001111000000011001100100110100010100010010111011100000011001000101 0
0011110000111111110000001100111110001001010010101110010100110011010100000001001010010000010011010000 0
0101111111111011100000010110001011101100011011101111010001101010101011000001110011110110001000000100 0
1001000100011110110100001010011111011001010101111011010111010111010000101000111010001010110101010010 1
0100100010000010101100110010101011001000100100000110001010100001111010000101101110110001010110001001 1
0101110101100010001100010000010111000101011110101011000101110001100110001010000110110100001101010001 0
1111001101000101010001001100110010110100001001100101001011000011001011110010110000110011111110101000 1
1011111011110010101000101111001100110001111110101001011011111001110110001110000100010111000110000111 0
1011111000000101010111000001110011111011011010011001101101010100011100001010010110001101001111100010 0
0110000101000011010101010010000011011001100101110100001011011010111111001001010000101000101000011100 0
1011011110101111111101100111110011000110110001000110010001010001101011010010110100111111010010110110 0
1101000011010101111011000101001111000001100100011110010001001111111111001011010100101010110000111001 0
0110100011111101000110010100010011101100111010110111110101000011101010101000010101000110011010000111 1
0010011010000001011100100101011010101001001010011101111111110000010110010011010111000101011011010001 1
1011101110000001001111000100011110000111111100000101001001100011011001010100101111011101011010111111 1
1001010000110100100011100011111110001001000110100100010111000010010100000011001101100111000101101111 0
1101111110101010101100101110001111001000010011010100100011001011101001001100011000100101111011101111 1
1110001111110110011101011000110110110001011010011100101000001010001011011110101111101001001010011000 0
0101000011000011111101010000001010110100100100011011110110110111101101111001011110001101110000110010 1
0100000111010001010000000000110100000011010001100100010011000010111100100100010101100001111110100000 1
1010011110101001010101111111110011110000010111100111100001110001110010011001111010101101010010111110 0
1101011101010001011011100011100010010110011001100000100101001001000011111011001000010000000101011111 1
0011001001100000100110000111000111010110000010100111111001111100101111111100110100101000111111101110 1
0111100001100101100011101110010001101100110100010101011110111100110010000110100010111110100100111110 0
0011000000100011100001000111001000100000010000110010110001111010110111010000010011011011000110101010 0
1110100101011100000101001011110111101111001011001010110010101110101000000100000001000001001011001111 0
1000000100110111001001110001101000000011110100000000101100110010010110001001000100100110101110111101 0
0101101000000011010011110111101011111011110101000001101110000101110001011001101101111000001001111011 1
1001010000001111101111100010000100100100100010100001111001001010100101111001011001111011101100111101 1
0000010000001111101110111100111101100100100001011100110000000110010001101101100010100100110100111011 1
0100001001010011111000000110101101101000001010001101101100111001001101100011011001111111100011111001 1
0000111001010101001101011101101101010110011000010100000110100000001010111010011001111100110000000001 1
1000000111000111110110101101101101101100000011100010000110010001111101111010111010011010011111010101 1
1001111001101111001110110010001101100000101010110000111110111011001000110011000100110011001110110010 1
0100011010001001111101000100101111011110100000110000111101010111011100010010101100101011011000111001 1
0011100111110101101011110001010111001011100101011110001101010001101100010000111001011100001001111001 0
0011010111001111111100111000110111001110010101011001011101111000110000001010001100001111110011000110 0
1000100101101111110010100101000001001011111001110111100000101001101001010100010011000000000101111010 0
1111101100010010110100111001101100010100100111101011000100011101000001111110000101001011101011110100 1
1100000110100001110100101000001111101010001001100111101011111010100001100010100100010101011110000001 1
1101000110110010010100000000110010011000011100101101101110001000100010010100110110001000000100011010 0
1100000111011101101101111101001010010011111101010000101011111011000101001111111111101100010001101110 0
0001110001001010100000011111010010001000000111101101011100001010010010011000110110011101110011000001 0
0100101100001100110010001001000010000110011101100100000101001100100000001110000100101111010100101001 0
0110010011000010100100111101111001000000010011011100111011000100000110111111000110101000101101100111 1
0011101101000001100110111011101000111111010000110000001100010110011100000000001101101011001010011101 1
1101000011000000110100110001101011111110011011010001010000010110101001100010111101001011110101111101 1
1001100011010100011111100111111010100100011001100011101010101100110101110010100111001101001110001010 1
1111011110001000110100000000100011011100101011100110111111001010111000110001111100101010111010011011 1
0000001110000010100110011101111111001111011010010001100000111001101100000101100010101001010010101011 0
1100100100011001010110011101011000010010011001100101101011101101101110111111010100000100100010100011 1
0101010111011001000000101100000110010011111111011001011111111000010011010101000100000111010011010001 0
0011001010010011001111000100110101000111110100000011111101001011101110010100110111100000000100010111 0
1000101001110110110101101101011101011111000011110100100010110000101000100111000111101010001011000110 1
0010110111101111011100000000101001000011000101001111111001011110010001000010110000001101101010000000 1
0000100000000000011001010010010110100101001011011101100101100011011101000111110010100010101000111100 0
0001110100000010111101011100100111000110111110101100001111100011111101000110110000000101111110000100 0
0011010110101100101110000100100111010000010100000110010000010101000100111100100001000001010001001010 1
0101101001011001011111101000101011100000100000111000001101111010010011011010011111011111001110111111 1
1000100010000101011100011100011111111010010010110000001110111011100001001100111110010100101100001001 0
1000001001101100100101001011010111111111011100110110011110011110000111110000000111100011100011110101 1
1110110111101101010001110011111000010111000110110100011001110110101110110111101111100100001011001100 1
1100001011000001011001111001001101101010110011110100010010111001111100111010110100101101010111010100 1
1011100001001110100111001101111110000110010100000011011110001110000011111111111010110111111011011010 1
0110001101101000111111001111011100111001011100111000100011100111100000100110101000110110110101011001 1
1010111000001010111011001010001100001101100001100001111110110001001101011000110110011100111010110000 0
0001000100010100111001100010011110010001010100101000000001111000000100011000010010010001010110100110 0
1111111011001100110011010010100011111010010111100110011111101100011111010011100001000111001111000111 0
1110001001011111001111001000001110110111000010110000110011111010001010100001011011010110001100101010 1
0010000111111010110011010100011010100110001000000101000111110001011101111010010000110000111101000011 1
0000101001101011010101101001110011001110100001100111011111101100011000010010000011110011000110101000 0
0100100101100001101100101100100111101000110110010100111101111100001001010001010101100011100011101001 0
0010000111001001111101010000011010011110010110100010111001000011010101110101011010010110010011101111 1
1010110000010111011111110100011100011010111100101000011001001101000101111011000100001111111011111100 1
0110011010110100011001100011011011110001010100111011101101000111001001100110101000010100001100000110 1
0000011000110011100111111011111110111101110110000001110111000101111001010001010010111101001011011111 0
1100110011010110100111011100110000001101000011001111000110101110110000101010111100000010000111101111 1
0010110001111111111100110101001100110110001101010100010010110100101111001111000111110111011001111011 0
1110001010001101101011000101010101000111111001111010011011110010110101010111110010111000110111110100 0
1110001110111001010011100001100010010011000101010011101111001100101100100111010011101010100010001011 1
0010100101010101010011101111100101101011110100011111011100110111001100011010011000101000011000101011 0
1101001111010010010101110101011101001000100001010100001011101111000000010010101110010111111001101101 1
1011001010110010111001010100111001001100110011000111010001000000100010011010011000101000110110001000 1
0101011101101111010111001010011011110010000100001011111110111010110011011101101000101010001001010011 0
0111100000000000101101111110001010111111011001010110001010000100001110011111101110100000000010010100 1
0110101110011001001001000111011000010100111011101001000001100000010100101001001101100100000000011000 1
1001011001100101001001001100101001001111001011111011100110110010110011011101110000010001010010011010 0
1011000110110110100110010101111010111100001010100111000011100011100000000101110111111111011010101101 0
0101100100011110001111101110000011001011010101011101011110010011111001100001100110010111110111011111 1
1111100101001000111010110000010101001011000100010111000010011100000001101101000011110001000010000000 1
1111101111000000011011011011000111000111011110111001100000100011101110001011000110000110100100000111 0
0100010101000011110001001000011011011001101110000000110010011110110010111000110111110111101010100101 1
1000101010101000011001110011001011000101111001000101010111001100100110000100000010111101011001011100 0
0011011010111011101011000011010110011011000101011010100101000111100001101010101101111011111001111001 1
1111011000011001111011100010000011110000000000110001111010000001110100001001001001100001001011101001 0
0110010001010011001100011001010011010110011000101111110001000011110001001011001111000110011010001000 0
1011101011101010110001101101001100000100010011001101010110010000000110100101100010110101110110010001 1
1111100000111111100000100100111110001001000111001111101111111100100001001010000111100011000110110110 1
1010010001110111011010001100011010010010101011110001001110111010110111110011101101101010001111000010 1

100 100
1100001001001011100100110101000110110011001100000010000110010011000110010100110110000010011000101110 1
1111010100100101111100101010100101000001111101010100011110100110001001110010111111010101111101001101 1
0010000011100110011100101100010011011010111100110000011001000001101000111000011011101001100010101011 1
1010010011101000001111100101110011111100110011011100100111000010001111100101000001011100000001001011 1
1010001000001110010010000101100000000010011100100101111100110110101100001110100111100000011000100010 0
0101011010101011111100000101101110001001011100011101100110000010000100001011010001111101011011011001 0
0110101110111100001011100111000011001010011101101111001011111100000101100010111000100101011101101110 1
0001001110110110010001100001111110010001010101100100010010001100101101010001111110111101101011010100 0
0111110111001011110111111001101011110101001001100110001101001001110100100001111000010101011111000010 1
0001110001011001100111100100000001110100001111100101110100000011100100001100110100011010110111010100 1
1000000111001011101011111001101011110101001001111011110010100001010010110111000100001000000100000101 1
1000101101011110110010101101010010000111010001000100110000111110010001101101011101110101110111110010 1
1100010101001111010110001011001110001011111000000011101000000110110011110010110101011111111111100110 1
0010100000100111001100011010100011001101111100101011010011010011111001000110000101010010111110001100 1
0000010000101110100011001000010010110110000110100110010111010001111100101100111010011010110110101011 1
0001000111101100010100110001011001001010111001000000111111111011111010001100000010001010101001110010 0
1000110011001101101001110000100001010111000110000001110100110010110101001000100101010000101100010000 1
1011111010101011000101100110110011100100100001101101111100111111111100110110100000011101010100011011 1
0000010110111100100110000111100110111101110011101111111000111000011001100101011000100000010110100000 1
1100011101111011010000000100001111110101010111110100100110010111001111011010100110100011011100010100 1
1010000100010110110001111101101001001010111101000000111001111111011100111100000000011011111100000010 1
0110010000000001010001100100100011010010011011100101111100100101000001100001111101010001011001101111 0
0010011101000101100101100011100101100010110000111101011010100110000011001001111001101000111100001000 1
0001110001011110100011000001011011100001100011011111011011100000000001111101100011101000000001001111 0
0001000110100101111110011000111111110101001010101000001101100010001000100001011111101110010111110010 1
0000101111100000100010101001011101111100011001011010001001110100011000001111111000101001100110010110 1
1011100011110001000101011011000101001100010010110001110011010010110001010010011110001000000001010111 1
0000010100010011001001010101000000001110111111001101110101001001001011000110010110101111001101010011 1
1101011111000101111110100110101011011100110100011111001010010111110011000010010111011110111101010111 1
0110100100111100111000001000111111101001010000011101000100101110011111110110000110110110100010111010 0
1011111111101001110010010101111011110101011011100100011001001100001010111111011100101011111000110011 1
0100001010110001011000000110011000000101000000011111110011010010000011111101000111101100011110110010 1
1010111110101010110101010000010110111001011010000100000000100111100111010110000010011001110101000111 1
0100000001011100100010101001110101101011110000101100100000011001110011100111001111101001000010100111 1
0001010011100000001110100000010000101100010110100011001100101111101001000010000111011001000111111011 1
0000010100011000010010001110110110011001100011110101101011000001000001111000110100010111011001101000 0
1010011101001011100001001000010110111000100000110110100001000111100010000110101101011011111100010001 1
0000110010011000011010110010010110111010010110100001010011000010001100000011001001101000110011000110 0
1111101010010001001110111111000001111010100100000110111100010010100111101111111001000110111100011000 1
1001110100101101011111011000010010101111100010110101010110001000111000001000000010111101001111000100 1
1000011111101111010001010010110001100011111000101111010011001101011011100010000101100111111000101001 1
1111101110111010101001001110011111101000011011001111010111010101010000001000100001001000101111101101 1
1010000100000011011110001100001111111111010011110001001100000101011110111110001001101011010110011110 1
1010100101100000001111001001011111001010000001001010111101000111011000000000110010101011111111010110 1
1101011101011111110000111111000100001111010000111111101010010000000010101000011101001101100001011111 1
1010010000101000111110101110001100011011010110001111101000100000101001010001001001111001010010000010 0
1111100101100000001011001111100011101110010110100001010101111110000011010000110100101111000111101100 1
0001001101101001110101010110010010101011101101010000100011011000110000110001100111001001100010100100 1
1110101001110100101111100000000111101000011011000111111111111110000010011110101110001111000111100101 1
1000111010110110011011111011110010101011000001000110101010101110100001100100110101110011001110100010 1
1001011100001001010100010001011110111001011011111001010010111101110001100001000101000001100010100000 0
1101110110011011110010001001001111010001010011101000011111010101100101100101100000001100101101011101 1
0100101001000011010111011000110100110111011000001011110011110100100111011001001000111100011000110101 1
0101100101101000001010110000101110100101111001101000011111100101110100011001111110111101001011000011 0
0001001110000000101100010010011010110000110110101011111110111110111110101000010101111000010001010010 0
0001001101000111110000011000010000101011101010111111110111100100101000100000011110101110000111111011 1
1111111010100001000000101110100011011110000010010011011000010000001110110101100000101001010010010100 0
1110011010010101100110111001111101110010011001110101010111010000111110101101000010010001110110001111 1
0111011011110100111100010010001010111001010000011101110011010111111011110110011110101100100111000110 1
0010010000110001001111001011001001100100100100000011110001001101010010100101101101100100000101000011 1
1001100000111011110100001100111011001000001100101111101110101011011110100010000010110101111010111111 0
1011101110100110011100101110001110001110110100101010100011010001001100111011001110101100100100011101 1
1001010000110111010110000011110111010010011100001001001110001111010000101011101001110001001011110100 0
1110101001110000101101100010011100000101010100110100000000001100100010100110101111111010000110110110 1
0000110011110000000000011101111111100100011001001011111001111100011101101011111100011110101010001110 0
1000011110011100010110110011101000001110001111110010001000100100110001101010010011011110100110101110 1
1000001011100111101001000101111010000101011010000100100101010010010010110001001011000110001000001000 1
1101100101110100010011111111011101011001111111010000011101000011110111000101001101100000101000100111 1
0101100101000110011110100000010000110010110011010100100000001011001000001100001100110110101000110011 1
0010110110010110000101111100111010001000000001001100011001000100100000011011101111111011111101111010 1
0011000000111010000101001000010011000000010011011001000100101011111111000001100010010001011110011101 1
0010011111001010011010101010101000011001101101100001000101011110001101010000111111101111011010010100 1
0100101000111011110001010000111101011111101010101000101100011111010101111010011011000100100011110100 0
0110100011001011111111100110010111100101100001100011001010101110101111000000110101000101111110100010 1
0100010101100100110001110110100101100010101101010011110100010010100100010110011111000000001100101011 1
0110001110001001001101011110100101001110110110001011110001100110010100101111111010001011001011010001 0
0110001110010011000000011001100111111011010011110000000110001110010011100101000000101110110001110110 0
0000101101000101011111010101011011001100000011110001101011111010111001011110011011010111001100010110 1
0011111100111101011110010000101100011101111111011100110010010100011101101010111010101100111000001001 0
1110100000110011101011011100101011101101110110000011110000010101011000101011001000110110010000011111 0
1011010011010100110100100111101010111100101101110100011010001100101111100110001101100001101010010101 1
1101011100001101001110100110010110011101101001000111101011010011011011100110010001111110001000010111 0
0010100010011010100100110100011111111011010011000110111101010100011010101101101111100100001111101000 1
0101000110001011111111000101100110101110100001110101010000001010000100110000111001100111011110111011 1
0000000001000111100111001110101110110110011110000011111000101010011101110001001000111010100011010101 1
0001000100100110100010001010001001101011011000010001001011011111011111010110101101110011110001100111 0
0100000101001111000110011110001010010000010100000000001111101101110111110100101001001100010001110101 1
0110111000001010010001010100111100010100100011010011100110101100101111100001100001101111111101111010 1
0000001001010110001110010111000000011111010001000111001010110110011100001111011011011110100101101111 1
1101010100111100010100000001110000111000011110111111011011100111000100101110100001000100110101000000 1
0110000110011010110000000010110101110001000001000000000011000111010010111111011010000101011101000011 1
0001001010110111010100001011000000000110101010101110110011111110010001001101111100101100101010010100 0
0000001110000101101000000110011001000111101111000100110000001101111101001010101111010010010011100110 0
0101101100010000111111100100011001101011111101111000000010111011101100010100101001001010001100010001 1
0100010111111100111110011101110101000001010110101000101010101001101101001010110010101000001101011001 1
1000010101001100111010111000001101001001101110101000001101101111011101111000001101111001101011110110 0
0000000101011000000001010011101101100010101001100100010111001111111111101111001010111100000101010101 1
0101010110100011101101000011010010011000000000100010101000100111010111001001001001101001010001100001 0
1010001101100001000110101101101000010100011001100011011000110011110100011111010011010110111010101100 1
1010100110001000110100100000100001011011011011001011001100110111000101010011110011000110100011111100 0
