10

96 100
100000000000000000000000000000000000000000000000000000000000000000000000000000000000000000000000 1
010000000000000000000000000000000000000000000000000000000000000000000000000000000000000000000000 1
001000000000000000000000000000000000000000000000000000000000000000000000000000000000000000000000 0
000100000000000000000000000000000000000000000000000000000000000000000000000000000000000000000000 0
000010000000000000000000000000000000000000000000000000000000000000000000000000000000000000000000 0
000001000000000000000000000000000000000000000000000000000000000000000000000000000000000000000000 1
000000100000000000000000000000000000000000000000000000000000000000000000000000000000000000000000 1
000000010000000000000000000000000000000000000000000000000000000000000000000000000000000000000000 1
000000001000000000000000000000000000000000000000000000000000000000000000000000000000000000000000 0
000000000100000000000000000000000000000000000000000000000000000000000000000000000000000000000000 1
000000000010000000000000000000000000000000000000000000000000000000000000000000000000000000000000 1
000000000001000000000000000000000000000000000000000000000000000000000000000000000000000000000000 0
000000000000100000000000000000000000000000000000000000000000000000000000000000000000000000000000 1
000000000000010000000000000000000000000000000000000000000000000000000000000000000000000000000000 1
000000000000001000000000000000000000000000000000000000000000000000000000000000000000000000000000 1
000000000000000100000000000000000000000000000000000000000000000000000000000000000000000000000000 1
000000000000000010000000000000000000000000000000000000000000000000000000000000000000000000000000 1
000000000000000001000000000000000000000000000000000000000000000000000000000000000000000000000000 1
000000000000000000100000000000000000000000000000000000000000000000000000000000000000000000000000 1
000000000000000000010000000000000000000000000000000000000000000000000000000000000000000000000000 1
000000000000000000001000000000000000000000000000000000000000000000000000000000000000000000000000 0
000000000000000000000100000000000000000000000000000000000000000000000000000000000000000000000000 1
000000000000000000000010000000000000000000000000000000000000000000000000000000000000000000000000 0
000000000000000000000001000000000000000000000000000000000000000000000000000000000000000000000000 1
000000000000000000000000100000000000000000000000000000000000000000000000000000000000000000000000 0
000000000000000000000000010000000000000000000000000000000000000000000000000000000000000000000000 1
000000000000000000000000001000000000000000000000000000000000000000000000000000000000000000000000 0
000000000000000000000000000100000000000000000000000000000000000000000000000000000000000000000000 0
000000000000000000000000000010000000000000000000000000000000000000000000000000000000000000000000 1
000000000000000000000000000001000000000000000000000000000000000000000000000000000000000000000000 1
000000000000000000000000000000100000000000000000000000000000000000000000000000000000000000000000 0
000000000000000000000000000000010000000000000000000000000000000000000000000000000000000000000000 1
000000000000000000000000000000001000000000000000000000000000000000000000000000000000000000000000 0
000000000000000000000000000000000100000000000000000000000000000000000000000000000000000000000000 0
000000000000000000000000000000000010000000000000000000000000000000000000000000000000000000000000 1
000000000000000000000000000000000001000000000000000000000000000000000000000000000000000000000000 0
000000000000000000000000000000000000100000000000000000000000000000000000000000000000000000000000 0
000000000000000000000000000000000000010000000000000000000000000000000000000000000000000000000000 0
000000000000000000000000000000000000001000000000000000000000000000000000000000000000000000000000 1
000000000000000000000000000000000000000100000000000000000000000000000000000000000000000000000000 0
000000000000000000000000000000000000000010000000000000000000000000000000000000000000000000000000 1
000000000000000000000000000000000000000001000000000000000000000000000000000000000000000000000000 1
000000000000000000000000000000000000000000100000000000000000000000000000000000000000000000000000 0
000000000000000000000000000000000000000000010000000000000000000000000000000000000000000000000000 1
000000000000000000000000000000000000000000001000000000000000000000000000000000000000000000000000 0
000000000000000000000000000000000000000000000100000000000000000000000000000000000000000000000000 0
000000000000000000000000000000000000000000000010000000000000000000000000000000000000000000000000 0
000000000000000000000000000000000000000000000001000000000000000000000000000000000000000000000000 1
000000000000000000000000000000000000000000000000100000000000000000000000000000000000000000000000 1
000000000000000000000000000000000000000000000000010000000000000000000000000000000000000000000000 1
000000000000000000000000000000000000000000000000001000000000000000000000000000000000000000000000 0
000000000000000000000000000000000000000000000000000100000000000000000000000000000000000000000000 1
000000000000000000000000000000000000000000000000000010000000000000000000000000000000000000000000 1
000000000000000000000000000000000000000000000000000001000000000000000000000000000000000000000000 1
000000000000000000000000000000000000000000000000000000100000000000000000000000000000000000000000 1
000000000000000000000000000000000000000000000000000000010000000000000000000000000000000000000000 1
000000000000000000000000000000000000000000000000000000001000000000000000000000000000000000000000 0
000000000000000000000000000000000000000000000000000000000100000000000000000000000000000000000000 1
000000000000000000000000000000000000000000000000000000000010000000000000000000000000000000000000 0
000000000000000000000000000000000000000000000000000000000001000000000000000000000000000000000000 1
000000000000000000000000000000000000000000000000000000000000100000000000000000000000000000000000 0
000000000000000000000000000000000000000000000000000000000000010000000000000000000000000000000000 0
000000000000000000000000000000000000000000000000000000000000001000000000000000000000000000000000 0
000000000000000000000000000000000000000000000000000000000000000100000000000000000000000000000000 0
000000000000000000000000000000000000000000000000000000000000000010000000000000000000000000000000 1
000000000000000000000000000000000000000000000000000000000000000001000000000000000000000000000000 1
000000000000000000000000000000000000000000000000000000000000000000100000000000000000000000000000 1
000000000000000000000000000000000000000000000000000000000000000000010000000000000000000000000000 1
000000000000000000000000000000000000000000000000000000000000000000001000000000000000000000000000 1
000000000000000000000000000000000000000000000000000000000000000000000100000000000000000000000000 0
000000000000000000000000000000000000000000000000000000000000000000000010000000000000000000000000 1
000000000000000000000000000000000000000000000000000000000000000000000001000000000000000000000000 1
000000000000000000000000000000000000000000000000000000000000000000000000100000000000000000000000 1
000000000000000000000000000000000000000000000000000000000000000000000000010000000000000000000000 1
000000000000000000000000000000000000000000000000000000000000000000000000001000000000000000000000 0
000000000000000000000000000000000000000000000000000000000000000000000000000100000000000000000000 0
000000000000000000000000000000000000000000000000000000000000000000000000000010000000000000000000 1
000000000000000000000000000000000000000000000000000000000000000000000000000001000000000000000000 0
000000000000000000000000000000000000000000000000000000000000000000000000000000100000000000000000 1
000000000000000000000000000000000000000000000000000000000000000000000000000000010000000000000000 1
000000000000000000000000000000000000000000000000000000000000000000000000000000001000000000000000 0
000000000000000000000000000000000000000000000000000000000000000000000000000000000100000000000000 0
000000000000000000000000000000000000000000000000000000000000000000000000000000000010000000000000 0
000000000000000000000000000000000000000000000000000000000000000000000000000000000001000000000000 1
000000000000000000000000000000000000000000000000000000000000000000000000000000000000100000000000 1
000000000000000000000000000000000000000000000000000000000000000000000000000000000000010000000000 1
000000000000000000000000000000000000000000000000000000000000000000000000000000000000001000000000 0
000000000000000000000000000000000000000000000000000000000000000000000000000000000000000100000000 1
000000000000000000000000000000000000000000000000000000000000000000000000000000000000000010000000 1
000000000000000000000000000000000000000000000000000000000000000000000000000000000000000001000000 0
000000000000000000000000000000000000000000000000000000000000000000000000000000000000000000100000 0
000000000000000000000000000000000000000000000000000000000000000000000000000000000000000000010000 1
000000000000000000000000000000000000000000000000000000000000000000000000000000000000000000001000 1
000000000000000000000000000000000000000000000000000000000000000000000000000000000000000000000100 1
000000000000000000000000000000000000000000000000000000000000000000000000000000000000000000000010 0
000000000000000000000000000000000000000000000000000000000000000000000000000000000000000000000001 0
000000000000000000000000000000000000000000000000000000000000000000000000000000000000000000001100 0
000000000000000000000000000000000000000000000000000000000000000000000000000000000000000000001101 1
000000000000000000000000000000000000000000000000000000000000000000000000000000000000000000001110 1
000000000000000000000000000000000000000000000000000000000000000000000000000000000000000000001111 0

15 100
100010101010110 1
110101011100101 0
111011001010001 0
010000110000000 1
011111001100100 0
000110101110110 1
111111011111001 0
011000111010001 1
001010111000101 1
010110001110111 0
001100111111100 1
001010011000011 1
101011010101111 1
101001010111110 0
110010001011000 0
110111000011110 0
001001001110011 0
100110010001110 1
010101001100001 0
110111111101110 1
110010110010111 1
000011011101010 1
010011000101110 0
000100001111011 0
100101011001011 1
001111110011111 1
001011110000000 1
100011100101101 1
001111000110110 0
101100011111001 0
100111011000101 1
111011111000110 1
100111010101011 1
100111001101110 1
101110010110011 0
101110100010110 1
000100101110111 1
000001011111100 0
100010011100000 1
100100111000111 1
111011010100000 0
001011100010100 1
001100001001100 1
100001010001111 1
111001010110000 0
000000000010101 0
010010111101101 1
111110010011001 0
110111100100011 1
110101101100101 1
010101001111111 0
000010001101110 1
011000110101010 1
100100000110011 0
011001010000110 0
100100101010011 1
001101000101110 1
100110010111111 0
111001111101010 1
010101100011111 1
000101010100011 0
010001001001010 0
100110001011000 0
000010110110010 1
000001001111011 0
111100111001000 1
001001001110000 0
111101111111000 1
000111011001011 1
000010111001001 1
001000101100011 1
111111110010110 1
010000011001000 0
110001110100111 1
101001000101101 1
111101111111100 1
100000101101010 1
001101011100000 1
110110001111000 0
000010111010010 1
101100000111011 0
001000110001000 1
011111111100101 1
001001011001101 1
011100001111101 0
011011111001111 1
110001001110001 0
110011100010100 1
111110010100000 0
111110011010110 0
100011001111110 0
101111110001010 1
100100010101111 1
101011110110101 1
111000001001110 0
000000101110000 1
101101100000111 1
101101111001101 1
101111001001011 1
101011010110001 0

30 100
001000011000011000101110110011 0
101001001001000100101110101100 0
110000000100010101101010001101 1
011011111100011001111000101001 0
100001111111110010110110100000 0
100101100011100000011000001101 1
101010100101101101100011111001 1
101101111100010110000011101001 1
011101010001000011010001011101 1
000011100001101101100100000110 0
000001111011101001111000000010 0
010010011111101001000100100011 0
010000001110000010110000001100 0
001101101011001000011110100010 0
010000110111011111001110100111 0
111111111100100011011110101000 0
111011000100110111111000100000 0
010101001011000000011110100100 0
001001101010011001000011000010 1
011111101010110010100101001000 0
100011100011100101111101001111 0
101101111110000010101111010001 0
101111000111010011110001001001 1
101011111101000010001001101000 1
010111000010101100100000101101 1
101100001000010111101110000110 0
001111011110101010111000000010 0
100010111001001000011110100000 0
010011001011111011000010010010 0
010011000101010010110011010001 1
000010010000101100101101100100 0
101110111111101010010000110110 0
000111110001101001010010000011 1
011100011110000010111100100110 0
011100011101101100010100000011 0
001011010110001001001011011101 1
001100100101001101011111100010 0
111011100110010101110001111000 1
010101111100100110001010001101 0
011001110000010011110001001010 1
111011101101111110101111011111 0
110010010101000111100111010010 0
101110111000100101010001111010 1
000111110110101111010001010111 1
111100101110000111011001100110 1
001110000101001010011111011000 0
010000000000100001000110111001 0
100101101001011110010110101001 0
110010101001011100100011001101 1
101100110011010110100100000101 0
111001010001101110100001001001 1
110010110110110001001001100100 1
001100101110101100000010100110 0
100011001100011111110111111101 0
001000110000100001110110001001 0
101000001001110110011000011111 0
101001001100111101100010111010 0
100000110101110001111100010111 0
001001110101010101010110011000 0
100010100010100110011100101100 0
110011011011101110101011100010 1
010111010001111001011110000010 0
111100011111000000101011011000 1
010100101110000100110111011111 0
000010010000000110111000101010 1
110110101001001011010110100011 0
001100110010111010111100111110 0
100010000101111010110000100011 1
001000110100011101010010000000 0
000111000010111011110110010001 0
001110010001011110111100101011 0
111001100100101001010100101000 0
011110000101111111010001011111 1
110111110100001010111011110011 1
101110001000000101100001110111 1
100011010100100101011001110011 1
101100101111110100011111011010 0
100000010001110101110101010111 0
110110101101110110001010001010 0
011001001111000001000011011111 1
110110010100000000011010111100 1
010001001111110100001100111001 0
001001010101011001101011100001 1
011110011001010110001110001001 0
100110101000101110111000100010 0
101010000101111001100001011010 1
011110011001101101011010111111 0
100011110000110001000110101111 0
011010100100101000100101110101 0
000100110101101101110100101110 0
010101110111001111100100110001 0
000110000001101001111101010010 0
001010111111011111010000101011 0
011110001110011111110110011110 0
011110111000100011100100001110 0
101010011111001011101101101011 0
001000001001101100011101101000 0
110010110010110100101010100010 1
001010000101100010000010000011 0
010001001011011010111110110011 0

45 100
100000011010111100000010100100010101100001010 1
000000110010100011110010101110100101110110110 0
111011001100100001100000110000010111001110000 0
001101100000101101110111111111101110010010101 0
011101000110001001101111000111110000100101100 1
000101110100011101100000100110010011100110011 0
011111101001111110101001010001101010100101000 0
110111110100100101111110001001011000100010011 0
011111001000101100001101101010010001111010000 1
000011110111100110101010000011011010100111000 0
010111000010101111101001101101000000000001011 1
001100110011010000000001000100100001010001100 1
000000101110010110111011010011111110000101100 0
000111101011000110110110010000100110110010110 1
000110000100101001011100110000010001010100110 1
100111001111000010110100000010010001011101101 1
101011101001001011111100011110000000100100000 1
011110011100001101111011110010010111010101111 1
010101111101111111000011100111110101110001110 1
010110111111000111110000011100111101010101101 0
000110111100010100101111000101101110001110111 0
110011100100111010110111011000011010101101110 0
100010001011001011011110010100110101100101011 1
110000110010111111011011110100001101110111011 0
000011000111001100001111011000100001111000110 0
000001100111011111110101110000001001111100101 0
000100000110110111111000011110111111011011000 0
000111001010101000011000011000000011111110101 1
110101100101101101011110001010001111001011001 0
111110100101111010101101010010111000010111000 0
000100111101101011111110001101111100111001011 0
000100010111010100010001010000000010001010110 1
000010001111111100010010100010011000000111111 0
010001101001000111111000111000111110000100110 0
000111111111111001001001011100000011111100011 1
000001000010110110111100000010110010100000001 1
110101000000010110100101111110101111011011111 0
100000111000111010110001001110100110101111100 0
101011010111011111000011101001111000100111100 0
100000011110100011010100111010010010010001011 1
010000000101111101010000001101100100101111100 1
010000010111010110101000001101100101110101101 1
100001111110011100101011010111010010101010010 0
100001000010110000010000010110100101001010001 1
010111111101010110011000011110100011100010100 0
110011010101011111100000001001110111100110010 1
011001000101100000010110001011100000001011100 1
101111010011010110011010011111001111110111010 0
110101101111000010101001110111100011101110010 0
110001100011000100111110000011000110000100000 1
010100000001000100011011101100101001001010110 0
000001110010000101100110000110100100010001001 1
101100010010010110011011010110100110100101100 1
111110101010100000100000100010100101111110100 0
101001100010100000101100010100011111000011001 0
011001101110010001101101010011100100010100101 1
001100001001110011111100100001001011000000111 0
011100110010000101101101101100101010001100110 0
011110011010110010010011101110011100101000010 0
111101000101011100000001010100001110010010111 0
011110111101011011101101111100011100111100011 0
101100001010100111011000100111111000000100110 0
010101100000100111111010100110001111001001111 0
000010010110000101010011110010110110111110110 1
010000101010000100010011101110001101111111111 0
011110101001111010101011110001111100110010111 0
110010001011000011111001011001010111101001101 1
001110110001010000101001000101111000001001000 0
011010011111010101111010010010111010001010110 0
101011001111100001010111100000010010100010000 1
101101011101001011001100010000011101110000100 0
111101101101101110011100110011000000111001111 1
001010000111000010011100101010110011011110011 1
100011111110100010000101010001011010011100010 0
011011110100101100010001101101000100001010110 1
001001001010110110010010110000001111111010011 0
001101111001000111000111110001000110111010000 1
111111110000000100000111001000011111000000110 0
001001010000000001110110110000101011111011011 0
111000110011111000110001010001011011001000111 0
011101100010010101110111101111010101101101000 1
111001101100011010111010011000011101011101001 0
001010011000000001101010100101111010111000000 0
100001000000101010100000000000111001101101100 0
010101101101001100100101011011010110000100001 1
110110011000011110000001101100001010010010000 0
110110111001101101011001000100111100111111000 0
100100001001101010110100011011110000000111101 1
111001111101100110110101010111000111000000110 1
010110011101011001110010011111011010111001010 0
100111111100010011101010001011100011100011110 0
010111111110001101101001100011110100011110110 0
000001010111100000100101011101000000111100001 1
011011111000100110110000010011110010111010100 0
011111011000011110100111101010111000000100110 0
011011110010100011100100010000101001110101110 0
111011101011010111100010110100001101001100101 0
100001001111001101000101001100010111011110110 1
001111010001001000111110100011001010110010110 0
001100110010001001011001001110010110101100001 1

60 100
011110000100001000000110011101010100000000000111111110011101 1
000100101101101000110011010100000110100010111111100101000010 0
011100101000001110000100000111111001101000000001001111100011 1
100011001101101101010001111110011110010110000101100100001011 0
000111111100100010101111101001101100111011001000111000110100 1
011111100001100000010110010000101010100100110111110110011011 1
001100010010101110001100101001101010011000010101110000110010 1
100101101001100110101101110101111101011101011000110001010000 1
010100110000011111001011111011011011100101100001100001000101 1
001110100110001001011001101111010111101110000100001101011000 1
110101001110110101101110001000011011111011100101011001011111 0
110001011100010100010110011100000100001101100011010011110010 1
110101111001000001101110001000110100011000100100100011001100 1
011010011011011000010011011110111110110011010111110100101010 1
011000010011011010100000010111000100001011110011110110111100 1
000100101100011000011000011100100010010100100000101001100010 1
010110111011001011000100011000001110110011111000100101000110 1
111100111110000000000110011000101010001001001000010101101001 1
011010001101001010011001101001011110010100011110111010100010 1
011100101010011110101110100111110101111111100011010101111100 1
111101001010100100101111000110001100100001011111101010110101 1
100000010011110001111010001010000010011000110000110101100111 1
110111010110010010001011010001110101000101100101100111010010 0
101100000010010000001010111000010010011000101100000101100000 1
000001100010000011011000110110010001111110010010111110101101 1
100100011000000111101010001011101101000100011000110010100000 1
110000101101100000011101111111100000011101111101000110001100 1
010010101011101001101111001111001000110010000100010110010001 1
101010101101101010011110111110010011001100010010001110000111 1
110010110110110111111110110101101100110001010010001110011000 1
010110101100011110111010111010011000001011000110001100111101 1
100011111010110011011100011101010101010110101000101101101011 1
001011110101111110110100010110110011100100011101100010011110 1
100101010000001110010011010101011001100100100100101110011010 0
011110100101011001010101100111110001010110011110101110010001 1
010011000011010100110101100110111111011110011111101111000101 1
110101011100100011101011001011100111010100010010110010110111 1
001111000011010010001110100111000111011111010010000111000011 1
111100111000101001011000000001100110101111101100001111110110 1
000010010001110100101010101110010010001101010001111011011101 1
100110110000111010101001100110001000011000011010001111000011 1
110000001111111010111010110100111111110001000100111010010100 1
111000011001101110101111110100110000000100110001001010100100 1
110100000000011011101000111101110110111111110011001101010100 1
000011110001100101001001101011011011100100010001111011001100 1
011011111100111010111010010101010111000011000101110000001110 1
011010110011111110001111111001000101101100010001001110100010 1
111011101001100100001100011010011110101011001010110000001101 1
110101111000100101110111001110011001111101111001111010110000 1
011111110000110010110011100100111001110010001001100101011011 1
000011100100110011101111011110100101010100111111011101110000 1
010010011001010011110011100000000001000101010011101000100100 1
100100001111010011001100110100100110100011010011011100111100 1
110101101100001011110101100011010001001111000101000110000000 1
111011111011111101011000100101100001011110001101100010100111 1
011011010111111011100001011110011101000011101000010010100011 1
010000100101111011011010000001110010000110001001100000110111 1
110111011000111011100010001011100101000101010101011010110000 1
110110010111010000100011101101100011001110011011101100010111 1
001100010101100001111100111000111001000100010101010001000100 1
011111010100111001101101001001100011011001000100111001110110 1
000111010111111101010110011001001010101010101000101111110100 1
000110000101010110100111010000001010010011010000000010111111 1
011110100101000100100101110011110000110100011001010100000101 1
000100111101100000011000000010100111100011001010111011011001 1
111110000111011110101010110100011100111100001110011110011001 1
000111000110110001000100101101001110010001010010101011011101 1
001110110110010011011111010100000110001011010010011110011011 1
011110110011110001000111101000111000011010110110010001011110 1
101001100001110101100100001010000110000000111001111000010010 1
010101101000011010111110111110101011101101110010001010001101 1
111010110001110111101001001011101000011011100110010010100001 1
011111110111011100111111101101000111010001100011000011101011 1
110101000000111010101100011110000010011011101000010100001110 1
100101000111000100000000101010100101101110110110111111001110 0
100010100001111100011110011100110111000010001111110001000110 0
100101100101101010100100111100001011101111000101010010001110 0
010111010101010000000001011000000011110101110110111111000101 1
001001110011100111101000000000100100010011101110110010011101 1
111001000010100000011110110000101000100011000010011100001000 1
000100100001100101110001001001001000010010010000101100010111 1
111011011010011010100000001100011110101001010010000010011001 1
000001011010111110111010001100000000011110100011111010010110 1
111001000011011011000101100001011111101100101011111100010110 1
000111001101010111010000011001101100001001100111000001000000 1
110000011111001000000010110111100001010101011111010001110110 0
000101010000111001000010100111101010111111100101001000110110 0
000101110001001011110110100011011010101110010111010001110111 0
011110100111110100011011100110111011001011000011010111010101 1
111010110100000000111101110100010111111001001001000011100110 1
101110111011111010100001110101111011000001110111101101010000 1
010111001001110101111000011010111111011101010011100001000011 1
001110011101001100010010101100100011000110100010011010010100 1
110110010011001000001101000000110111111100100010110010110110 1
000001110010001000011000011111111111001110110000000010011000 1
101010001110101111110111100101111110110001010001100110010100 1
011100100000110110000100101111110001001001110111110000010100 1
011010100000011000000000000010010011011010011100000000000001 1
110111010010011101101101111110001010001000001011110100001011 1
001101101011011110011000100001101110000101001110101101110100 1

75 100
010001111100110110111010000111010010011100111100101000001100001011110000011 1
101011111010100100011100100111001000101101111100101101111010111111111101010 1
100111001100101111000001111110100000100000010000110110101010111111101001000 0
101110111001101010111001101111100011000100101000011110000111011010001011101 1
001000011010001010110010101010010111010110100101111110100111110100001101111 0
101100010010101010101111001111001111011000010011001110100011100111011111100 1
101000001011111011000000101011011110110101010111001100110011010100101111010 1
110010000011000101011011100110101100101100000000100101011100100011011100010 0
010110100000110000000111101100110001011111101101010001111000101101000111001 0
100101101011111101011110101010000010100001100111000010010111110111100110000 0
110000001000110011001001010001110110110000110111001101101101010101110000011 1
001101101011101011001111011000000100010111010111001010110000000010011101000 0
011101001110110110111010100010010010110001110101000101010001100101101101011 0
011111101001011101010100010010111000010111000110111111110111100010011100010 0
000011100010011100111110000001100101010111110001010101100010101111111100010 1
100000000111110010101010101010000001001110010011001101101000100100010100001 0
000100010100110100011000110110010000011001110110010110101111110111110000110 0
001000011000011101110000000101101000011110111100001000010000110111110001001 1
011011110101001000111000000110011010100100000100111011010111110111111101111 0
000001001110101011000101110011011011110011101010111011100101000000101100011 1
100011110010001011010000000000100101111110010111000001001111101101010101101 0
010100001111000111101000100011110010011100100111001111101001100101000100110 1
100010101001000110100100110001010011101011011000011001001101001010101100001 1
001000101111001101010100011001100000001110010100111100001101011010110011010 1
010001011011101110011001000101100010110111000011000001111100000101110101110 1
111011010101111101111101101110101001000001110000011100000011001001101101010 0
100100110100101001100010111110100000010000110010001000011101001001100100111 0
100100000100000100100010101110100100000011001111101011001111001001100101011 0
101011010100010110100010001010100011011001100100110011001100111100101001111 0
101100100000000011111101000111100000110100100100001011101110100110100110100 1
010010110010101110101011000000001000110111101011001101001001001111000011101 0
000111101010110101010010011001111000111010011101001000010110001100011101100 1
010010111110101001100101111000001001010110100001001011100100100001110001000 0
000100000100111101000101101101100100001001010110110100010100111111111011111 1
110101011010101110001100101001110110011110000100100100111111010001010100100 1
110111001010101000101000110101100011111001011100010111100111011110000000101 1
011010100010010111000110110100001011001001100101000011000010000101001011100 0
110010010110110110000110111001010011100111110101100101010110101100110100101 1
111110100001000010101110011001110001010010110011000101000100010010000001001 1
100001001001011110111111110100010010100000101010000001111101100111001011100 0
011110110011100000011010101111110000011000011001000000000111000101110010110 1
010100101101110010100011001110110100110010101110101000100011100110110111111 0
000000100011000011000111101010110010010110010011101010100001010111100011011 0
010110011001011111100000101000100011010010111101011011101011101100011010001 0
011110000010111100010111010101000010010011110001000110001111011010000001110 1
000101110100111011010000001000000111000000111010110000000100010001100000011 0
000010010000111110000110110100000101111111100000000011011101111101010100010 0
100100110011101010100111101111001011100100000100000011000101001100110100100 1
001001000000000100001010001001101001100100100011011110010100010010101111000 1
001111000000110101000010111111110011111000011001101111100011100111001001000 1
100111000110110010101010110011001111001011010011100011000111011101001000111 1
111101110011000101000100001110011100111110011001001000000110101111100001000 0
110110010011110100010100100011000011000101010001100111101000101100010001100 1
001111101001000010101000000110010100000100100111101001011001000111101111000 0
011011110101001110001111001101111010001011100011011000100001010101101001011 1
010100000011001100110000000101001011011110000110111011010100001110010101001 1
011110011011001010101010001101111000001100001010000101100000011111110000011 1
110110001111101000111100101100001010110011101101100110100011001100110111111 0
000010001101100010101000010101011010011101001100101001100111010101100001101 1
111111011101010110100000000101010001111101001110101101111001110111100010101 1
010101011100001010011101101011100110011001000101110000000100010001010110010 1
011000010110100101100001010011100001000011111101101101010011101001100111000 1
111001111010010110111001010010000100010011011000111001100001011001110111010 0
100110010100101010110001010100110011010010001110101010111011001000101100111 0
000000001011110110011001110011111101101101010000001100101100010100110000101 1
000010101111101100100111110110111110100000110001001010011000011100101001000 1
000110010011011001011011110010010111111100000000101010001010010001000110100 1
101111110111110111100000111101001110000101011000100100111110010001000010011 1
111111000001010011011100101101010011110110111110110010000001100101100110101 1
001010011000100010001011000011011100101111101100101000111010110000000111101 1
011100010001101010011011010000101111110101111011010110001001011101110110000 0
001101100100010110110000011101101011101000001100111111111001111000010110101 1
011100011010111010110110111001110000000101110011101110111110001101101110001 1
111001111010101101011111100110001101101000010110010111001010010011101001000 0
011111100000101000001101001111010101011011011110010110111010011000011111100 1
011010111101000001011010100010001101010110010001100101111101101101001010001 0
001101111001001111001101001001011101100001101010011111110000101010000010101 1
010110001110110000110110111010111100100000111110011000001000010100101101110 1
110111011011111010001011111001110101000101101000101000101000111100000001011 1
111101001111000011010010000101011101010001101111110111111011110011010010110 1
101010001101100011100000001010001000001001111110000100100000110011011111000 0
110000011101100111010101011001011011100010100100001011011111000100010011011 1
101111010010101011000011011100110001001000011010100101111001010000000101110 0
010000100011110011011011100001000010000101000001011110101101011010000111011 1
101000110000111010111001010110000010001000111011010110111111111110101101111 0
010111010000011110000100010100001101000100101010001011010100110000100111101 0
101111010101111100000001110011101010100110011001001111001000110101111111110 1
010101110010110111101111010101111001110101110111001011100110011110001011101 1
010110110000011000011001100100001011000001000010010010100010010010100101011 0
110111110111010010111101100001010011001000101000010100100101000011110010010 1
110010000010101001000001001010001000000110100001001001000101101010010001001 0
101000110111101010111110011101111010001110000101100011110010101000011100101 1
111011011100001011000001101011110011001111110101001000100001110010110001001 1
011111101111101010110111110010111010100110000001011000011001010101111000010 0
011110001000000100110101000101100001101011011101110101011000110100111010011 1
101110101010010011001110001001111001001100100101111001101001110111011111000 1
000111011101011100011111010110110001101101000001000010111100101001111001010 0
010110011000110110010100010011010010011110101110011000001100001100101010000 1
001000000011101100010101010111111101101000110001000111000011101011111111100 1
000110100000001001101000111001001010010010001101111011000101001101000011111 1

90 100
000001101111011011101010011100000101011101010111111010001111011001100110011011100001011100 0
000110001010010011101101000011011000101000010011100010011010100100111011100101001000100011 1
001010111011101011101100110111100001010010110010100110110101111100001101110111111101010000 0
110100110001110100001011110110110100111011110101111010100111000000011011100000111000010011 1
010010111011111111001101000011010011001110001000100010111000101000101010100000110100011111 1
111011001111101001010110110001010111110011101001111000011011010011000001100000101001000110 1
011010110011101101001101110101110111111010101001101110001001110100101000010110100010000100 1
100110100000011100111000000001111100101001010001010110011001110000110011100000101101000100 1
001001011110010010001111011101101100011101000001101010100010101111100010110100010110000001 1
011101111100010010111110110110011010101011011000011100101110100101111010010100101001111011 0
101111000111110100111011000111000111010001110010001110011100010001010010111110111010011101 1
110111010011000011001100111000001010100101110111110010001110110011111100011010001000001010 1
011010101110101000000100010110111010001010000101001000101110101000100000000101001101111010 0
000110101001000010110110000011011110100000001010000011001000100111111010010111010011101001 1
100111000100111001100100110000010001100010011110000101110110111011111111010101111001110100 1
011111110001100100011011100000000111000011101101001100101101001010101000100010011111101011 0
111011111011001001100011111111010010101000100110001000011101010111100000011000000110011100 1
011000010010011110110111110101110010011010001110111000101010101100100001001111110010100001 1
011101011011111101010001011110001010111111010001100100001111101100110001110010100110011100 0
000110000000101000010101100001101100000000010010001110000110001111111111100000000011001010 0
110000111001111111101101001000011111100000111011101101001101111000111111111010110000101011 1
000100111001010111110110010111011101100100001011100001000110011000100010011010101101011100 0
101000000001100001011100011101111110100100010011100011000110011000010001000000110011101111 1
100000001101001001000001011101011011011101001111011001000110001100010100011100111011011011 1
111011110111110010001001100111001100011100000001011011100111111001011101001000101000110110 1
001100101011111111101000001010000010000100001111001100100101111011011100100011111101101111 0
000001110000010011110001111000000001010000101110101111000110111011111101111000011010110011 0
000100111001110011100001011010000011000001110000110110111011011000101001101101110101110111 1
011101111010000100011011101110010100001001001011011110000110001010000100001000100011010111 0
111011011001111011001010011000111100001110001100000111111011101011111000000110111000111000 1
010110001110010010101000001101100110110111111110100101101011000001011100011110101011100011 1
110110101010011110101000011010111100110111111000100001000100101011111100110010000001111000 1
000101010110001001001100001101101110111110010110010001001101011010001110011010110110011101 0
010111111101100111101110000110001010011100010101001111011000000010011001010001001100000100 1
001000011111010110011111111111011110101010101010010101010111010000010111101000011001111000 0
111011010001111110111101010111110011110110001010011101001100011000111110111010011101110000 1
001001011000011111010101110110100000001101110001100000110101111111110000111100010010001011 0
000110101100111101101100011110111110101111101011000100101011100001011100111000101111001110 1
001101000001010110000101000111101011111011100111010000000011111010110011001011010001001001 1
110111100101101011110010110010101110110101111000111010001110101100111000111001111010101010 1
100010011010001101111000010111100001010011011100111011000110010011010011010110100101001111 1
100101000010111100000010111100010011111100111110110011000111010011101101110101100101000001 1
101000101011100011101011111101111010010111011111001101000110100001010000111100000111011100 1
111101100111100010010111010100100010000001110101101110011000100101100110101101010111111101 1
111100010001010000111100100010101111110100100100101010100101101010101111100110000110100111 1
001100110101010011110101101010100010011001100111100111011110100100101001111110100110011100 0
010000010110001010000101100000001001010001011111011001010010110010011010011110011010111101 1
110110011101100011000000011111000100101011111011101001000111100110100101000000110010110111 1
101110110101001101110110101100010000011101001110001011001011000100101011110001000011110011 1
001011100001011011100101110110010001111111110011111101010100111111000100011011100100000110 1
101010011001000001101111110101010101001101010010100011001001101111111001100101011000001101 1
011110000100111111111011111001110001011001111010101000110010101000111111001100100000100101 1
100100111001111000000000110101001011100001110100100111100011111000110110011001110101011110 1
001101110110111001010000111001001110101110100000101101110110010111101110110111111000001011 0
110101101011100101010001001100011111001000111111010110010111110001111110101010110001001110 1
001000001110100111100101111001001100100001011000101011100000100101111101001111001101011100 1
110000110000000101000010110000001100111110110000110111001001011101110110101100001010010110 1
011011101010000101101000000011101000010110110110000111011001111011010100111110011010111111 1
000110011000011010010111110101001110110010000001000001110100010001010010100100000010100000 0
001101010110100110110111010010010001110001010001011000001000010010101101100100001110010111 1
010011011000110001011000001000101101000000000000101100100110100100001001001011100010011100 0
110000001101110011001011010100101000000101110111010111000011011011011011100110111101011010 1
101000100101001110101011110000110000110100010100110010111011001011000011010100111110101101 1
001100000101010000011100101111010110011001000000101010110001100111011101000100111100111111 1
001001000110010001100010001010111111011000111110000101111110101010110000011001011000111000 1
000100101101010111010010001100100110100101000111000001001111101110010000100110010010110011 0
101000001101100011001000000001101001011000110111111010010010100101010010001001110110111101 1
111000111110110010101010000110011010001110101100000100000010001100100011001111111011011011 1
011101101100010101101000001100011101001110101111101011011100111001111101101010101100001011 0
000101000010100000010101111011011000100101011011000111010111010000010011110010100111010000 0
111111111010101100110101110111110101000101111001100110101101010000110100001100010011100010 1
101100001011101010001000010000010110110010000111111100101001001010011110111110001011011111 1
111011010101111000010010111100011010111100001100111010001111101000010100100101110011011101 1
011111010010000110000001101011101010110111101011011010000100000101001010110011110101101110 0
110110110010001100001111001010010001010111101011011100110010111111011000110011111111100001 1
010101001101011010010101011111011101010100100011010000100011001111010011101100001111100111 1
111000100011101011111000001010101101101100010111001011011111101010110100111000111010011110 1
000010001011010111100011010101110011011111010101011000101100111110011100011001100100111101 0
110000001100101011101111010100010010011001011110001110011001000011110010111000100010011010 1
100001111010000010001100100001001100011111001000000110001011111101111000100100111000001100 1
101010001101100010001100010101111000000110100101110100101110001111111110001011000011001001 1
001100110011111010110010100000101111100111000100111011001011101010111100110100101101001100 1
011110101000011001001011111000101011001011010101001000111101111010110111011101011110101011 0
100011001010000110011100111110001100000100000011010010001110000110110110111110010011001111 1
111100111110001100100111011011100001010111010100010011111110000000100001100110111010110001 1
000100101101011010000001000000010001011111010101000000110011010110001110000010010011010111 1
011000000110010001001000101110110010011110110110010110010100011011000111000011010010011001 1
001000110101101100100101100010011111100001111100110111001010110001110010111001011110010101 1
010010100101110000000111110110111110001001111001001011100011000001000100111011101000100000 1
100000110100110111001010000100100101010010100111000001001010000000101100011000110110011010 1
011011011101001101100011000101000100001111010100100100100100100110110001001001011101110110 0
100111110110010110101010001010000010101110110111001100100101101000010101111110110000101111 1
100000100110110001010000010101110100111100011010111111100011100110011100101101110000000001 1
110011010001011100011100100100001000001001101101101011001011001001000010101011001111011101 1
001001110111001111011100000010110011110101001010111011111110100101000011101101110111001010 0
001001001011101111010001000101110010010101010101000010011001110100101011101111100101000100 1
001111111011001100010001101110100111000001100010001101000111111100100101111111101011111101 0
100010100101010000110011100100010010000000101001010011110100101000001001101000001001010000 1
010110110000110110110000101101101110100110001010100110000100110011001000001100011010010000 0
010011101001111000001100101000001001111101010011011110000101111110011101000101001100100011 0

100 100
1101101001110011000111111011110100000101010111010011000100001011111111010001011010110100110011001100 0
0111011101000001001111101111110011110000100100011100110010101100111111000010101010001010001001011000 1
0111000010010010111001001111111000110110111100110010110101001101010000011001011000110100110000101011 1
1011010000001101010110101011111011000000000011110101101001010111011011001101010001111111010011111100 1
0001011111101010000100001010011001000101110001000010000101001101001001111111111110110000100011111111 1
1010101010100000111110101000011100111100110101110101110000101011001111010000101110101101111010001110 0
1100011001100101110110010001011100101101010000101110110000101110110001100101111100111111011101110010 1
0010001110110011001101110010111111111101110111110000111010001000111001100011101111101000011111100001 0
0110011101010001111001110111100110101111010011100100011000101010010101000000100111110011111010011101 0
0110010011101011100010111010000001100100010111101110000111111101111101100001110101101110000000111101 1
0110101000110111110110111000111110100011100111001000010000010101111010100110100000010010111111000101 0
1001100110010111010101011110110111001000000011111101011100011000101101101110101001100000100000101011 0
0000101111100011010010001011100000010111000001100100010111111110011000001001100110111111000011010100 1
0010001000010101010010000101101100111011110111010000000011011100001100010101010010000100001101101010 0
1110000101011010110100101110011010010100001111000011011000010111110100100101001001110010111100010000 0
1100100111100001110001011111111101111001101100001001110001101011001101011010010100011100010101101010 1
0110010011011110111110101111011010011010111110101010100010001100110011011100010100010010010000011011 0
1011011110110001001101000100110011110000101101001001100110001010001011001010100100010010010111110001 0
0110010001001010110010111110100111011001101000011111110001011000001101010100000111000010111000000011 1
1010000100010101000101101101011100000010000110010000100111000110011000100111110101011000110000001111 0
0001100101111000111011010111001000100110000000011111100111010010000011011010111011101010111110010011 0
0010011110001011111100000001111110010111111100011101011011100001101110011101101001100001100100010101 1
0011000110111111110111010111001010010000111000001010011010111010011100111010010001001000011100100110 0
0100001001001011010101101000101011000100000001100110111011000101011001111111101101010111011000001111 1
0001100010000101011110110101010001011010011001101110101101000110010111101001000111100010110101000010 1
1001001000111111010000010100001100100010101001000000010000000000010011000110010111100100110110111011 0
1110011100111111110010101011101000100000011100011100110000010100111111110000011101011011010100101010 0
1111010111101010100111111111111010110101111011001110010101110011010000111100001110001010101101110110 1
1010000011011011110000011110100000000001100101000101100000010110110110001011001011100000001010001010 0
1010010000100100100110110100100000001001111101111110101111101110110001010101110001111001011100100000 1
0110101011000101111000010010111100111010010000111010111100111001000101100010001010001111100001101101 1
1001100110010001100100111000000100110101110110010001000101101111100110001011010110010000110000110100 0
0010001100110010100000100011111111011110101100110101011010101101000111101010101101000000010000100101 0
1100001100111101101001110110111101110000011101011010101000011100011011000010101100111011010001010110 1
0000101110111101010000010111111111111000101010011011000010101011100010000101101100000100110010100101 0
0100001010111100001101101110000001001000011111111000010111110010100000000101110000000111000001011011 0
1011000100101100010111111100001000100110110001010100011101111011001011000110011001001101110001001110 1
1100010101001011000010000000100111110010110011100101001001000111001000011100010010110111001010010111 1
1000001011111000110101001100011001001100110010011001111001011111011010001001000100001100111000111010 1
1000010010110110111001100010101001010111100111110010100100010100001011101101110101010010010000100000 0
1010001001011111000100101100101010110010110011011011001000010101011010110111010011100100101111110000 0
1100010000110111110111100010011101101001000010111100111100001101011110000101100011100000001111010110 0
1010011010001011011000110101001100001111111010100000000010010100100101010100010000000011010001011101 1
0110110010010101011100110001100111100101110000100010001101011010100101010110100111111001011110010000 0
1010111011100011111000100001110010001101011101010110100010101100101111001111010001011010100000110000 1
0000110011001100101111110100100000010011110100110011101011011011110111010000010111001101010111000011 1
0010001100010100110010000001000000010100111001011000001101001000011001000100100000010100101001010111 1
0111100100101000001010110010101110100110010110101100111111111001111111010001111000011011100010100111 1
1000011111011101010111000001111111111000101001001010110010111100011110100000001110100001000010011010 0
0001111100001101100100010000110111000100100111011001010111100011100110110100001111110101001001011000 1
1100101010111011111100110000010100101000111011100110100100101110110010101010101110001011000011010010 0
0011110000110000110010110010010001111011010010000001100100001011001100001100101111101110110101000110 0
1110100011100100001000001000100010110111001111111010110010000110101110010101110000011011011100110001 1
0100111111110010101010101001101111100011001000010101111010100001111101101000001001110100110100010110 0
0000000010011010011100100100000000000010011110010110000011011110110011011110110101101011110000001101 0
0011100000111101010001001010001010100010001110101101001011011100011010110011001011100101000100000101 0
1110000000110111101010010011010001000000111111001100100001110010110110100111011100000001110011010101 0
0011101100100100110110000101001000111001001111111100101001101001111011111001100010110010100110001100 1
1001010011010100001010111110111010101001100110111000111010000011001100010100111001011010010011010110 0
1000000010011101001100100001101101111110011101001110100110100011110001000010110111100101111111000000 0
0110010011110111100011100100110001001000111110000010000001010010000101100111100001001001111110110001 0
0111010010100111010100001011000010111000010101000010001000100011000100111100000100110010000001100010 1
0101100101000101001010101101110100100110011001100111101010001001011001000101101110000100100000001101 1
1110001010100100101010010111100001101000110101111110100111001011101001110110000011001010101100000000 1
1001101101100110100111111111011111001000110101011000101010010111010110111101101001111001100111011000 0
0111010001110010001000101011110111010110000011011001011100110101000111110111000100100000111101001011 1
1010001010011010011100110010101001101000000011011111101100100000111111100101100011100010000001100010 0
0010001011100101011010001011110010010111000010111111111000111110111000100111000111001001010010001000 1
0011101011101011000010110100001010100101000101100101110110011110100111111111001010101110011100111110 1
0011101100001011101110101110011010101011011010110000010101100000110000101001010110111100000001010110 1
0100111110011010010010101010011001101010010111100101110001000101111010011001111101101101011001111010 0
0000010001010001111000001010110110001001101011101101101000000111111111010111101011101110110101101010 0
1101010100011100000101000011111011110100111101100110110111001110001000011101101110100001100001001011 0
1111100111110110110010001011111100010011100110011010010111010100100101011100101000011001110000000010 0
0101110000010100011111110110110100001000001001001110100101111101001101100000000111101111110000100100 0
1000000001010010001111110001000110111101001100100011111111111100100010000110101100111000111000100101 1
0111010000011101010100001000001110000100111000101101100100100110100110001100110000010000001110100101 0
0111111011001001010001100011000001110000000100111111010011111111101111111100011100101100011110101010 1
1100100110101010000011100110011100010000000101101101111100011101100011011011101100011100101001110111 1
1011101000000111110000001100111010011111111100010010010110101001100011100010011011110101001100010010 1
0010011111100000100111110100000101101000010010000010011001001010010110111101101011010110110000001110 1
0011000010100000101111110101000001101111001010000111100110011011000101001000011000011000100011110100 1
1001001111001110011011110010110010111010110101101010101110101000010111000010001100110111101101110101 1
0001111000001000100111010110110011100000010110000010111100101000111111110101101001010111101101110001 1
1000000110100111000011101001111010110101100111011010000110001000011000110101000111110101101001001001 1
0101110011101000010000101111001011110111101000001000110011111011100101011111111101111110001100010000 1
0101011000001110010001000100110100010110110001000000000011000010111110101011111001001100000011001010 1
0000110110100101101111000010110000010001011101010011111101110010000000110100000001100110010011111100 1
1110101101011010100000111110110001111001100000000000101010101101010011111010000000010101011100101101 1
0000100100000111101001000111100100100110110111100010110101100110110100101110101110101100010001110101 1
1110011100001000001101110000011100000110011101001101010100101001100111111011111001101011001011101111 1
0001110001000110001111010000111101010100000011101011110110100010101111010011001100011010100110100001 1
0000110010010011110101000100110110100001010011101111001011100111001000101110100001101010100111010110 0
0100001001000110001000100101001111110000100110110010010000101010000000010100111111110010010110010011 1
0001100001010110111010110100010011101111010101110010111101000010100101000111010110101001001000001111 1
1110101000101011001000000011100101111011000101100000010110010000111000001001110110101011010000111001 1
0000011111000010100101100000011011011000110110010001111111001100110010001111110100011010110001110111 1
0111000001000110011100011110101110010010110111111111110001011100001001100111111000111111011101100010 1
0001010100101010110001010111000000100010001000011111001110010011101101111010111001011100101000110001 1
0010111000110001000010011000011010101000011010110010001001000111001100111111110110110110010111011000 1

100 100
1111011101101000010110100000101010101011101000011001011000010111111011111110101001111111100111010010 1
1110000101111100011111010001011100000011010100101011110110001110110000101111101000111100110100101101 1
1110001100100111000010110010111101101110110000100101010010011000110000001101111110011011000000011010 1
0001100010100111110010010000010110000101110101000101100000000011000010100110110100100100001000100101 1
0110100001101000000001000100100101110110000011011010010001011001010011010011110101100100000010110011 1
1101100110011111010100110000011000110001001010100110101001010010001000110010100101111011100101100000 1
0111001111010101100001100000001110011100001011101101011111101011110001001101011000111101011000111111 1
0110011000000010111110110001010001000100010010001110111111010000100101100001011100001111100100001011 1
1111110101010011000101011010101010000010001000101011100001110001100101101100100000010010000010100110 0
1010110111111101001001011111100011000110011100000100100001010011111101100110111111100100101100011110 1
0000101010101101011110000010000010100010000111100011101101101110001000000110000011101110010101001111 1
1111011011001000100111010000111001010111100000010101001011000010111101011011100110110011100101110100 1
0001110010100010010110011001101101011010011010001010001101011000101001100001001011011011110110110010 1
1001001100111110101111011101111101001110001100010100101011010100101000001011010111101001100100010110 1
1000001010101000011111111100000101001100101001110000011100100000100010010111100110110100101101111110 1
1110111011101111000101000111001111100001100111011001101110010000100101001010011101111010111111101010 1
1000010001000101111000001101101001000010111101010100100111011111001000001111001011111100001111011011 0
0110111110001110011110001110100101110101100111101010111000111111000110011000010101111011101010100110 1
1110011001101010111010010111001110011111000111100100101010110001001110001010010000010111100100101010 1
0001001011111101100000011110110111111000011101111100001110101110000110111001011111111000110001110101 1
1000001000011100000110110000111011011001000010010101101101100001111111011110100010100001011001010101 1
0111001101110100101110010010110101001100111101101111110111001011110010001010100111011000001100010001 1
0010000000101110111100000100101000010011001110001101100110010110011010110001000010100100101110011100 1
0110010000010000100101011010010001001011010010110100100011110110111000101111000010100111000011001101 0
1111100100100000110110110011100111000010010011010000101100010000100100001000111010000110111010010001 1
0011100011001011101101111101110010100111111000011101010101100101110111000000000100000100010000100111 1
0011011001000000100111101101010111011101101101100111011001101010110010100010000010101101011111010011 0
0110100101101100001010011000011001001010110000000101000100100100000110101111111111110100001011010101 1
1010101100011101100101110100011111101011000010101111001101100101010101101101001111001111100110111111 1
0000101100001101010110110000111111110000110000101001010110100011010011000110100100011000010010011010 1
1011101000110100100011001000110011001110101001011010100000010101000011011111011110110111000010110110 1
0110001010101011010011001110110101111110110010011010110111100111010101110100101001000011001011110100 1
1111011011000100110111000110110000101101011001010011011000111111111100001101000011110011000100011101 0
1010111110101010011011111110111000111011001011010101011010001001011000100001101111100001001100111011 1
0000000011100000000011011101110110101100010001101110010000110101011111111101011000001001110110010001 1
1100001111111101000101011001000011011001110010111001100000010011110111000011100000110101100101000010 1
1100111000000101000100001001111000001001010000110100110011000111111111010001010010001111011000100011 0
0110011001110101010000100000110111110110000000001011001100111100001011111101100001111001011011011000 0
1100000100101010011110100111110000100110100000011100010000101100110100110011010110011011001000011010 1
0011010000010001010100100111101011110100100100000010000011010111000010100110111110101100101100000011 1
1011100011011110111000101101111010001010111000110010000110110011010111000110000001000001010010011011 1
1111001001001011010101111100111001111110000101010100011110101110001110100011100010011000011100100000 1
1101110110100110110111111000100010111001011101100111101011001000011011100011101010101010110000101001 1
0110001100111100110100100011110111111101101011000010011010001010011100110001101111110001000001000000 1
0100101000111011111111110001001011001100111110001100010110010111111001000011010010011001000000111010 1
1001011001011110111000000011001001100011110001101001001000010111101110000110000100011111110011100011 1
1011101100110101111011001101010111000100111001111000000100001011111101000101110000001011011110001001 1
1010111011010011000011001000001001000101010011101100000111111110010000011011011101010001100110111110 1
1111000011100110011110000111011000101100000011111010011010011110000111111000110011100001001000001010 1
1000001011000100110011011010001011011110000011110111011110011110001111101100011000001100100011011001 1
1110010110110100000000010101100011011000001111101101000010100001101011011001111111011111101000100001 1
0111110011100010101000010011010001011000010011001111010011101001101011010010100011011000010111011110 0
0011011011001000100111010001010011100001000110100111010010010001111001100111101110101100000000101101 1
0110101000000101000010010011111110001101001011000001010010101010110011111111011011110011011111000001 1
1001100111010101100110101111111111001001100110010101110001100010010110000010101111101101011000001110 1
1000000101110011111100101000101001001001110011100011101000010100100010001000000001110110100110100111 1
0101100100010100000100010101110100011011110101111101010000111001011110101111000101000100100100001101 1
1110010110011111000100000100001010001011110000000000000010001100000111001101100100100110110010110101 1
1110001101011110000100010100000111111100001010011011010000000000011100110010111010111111110100101110 1
1111101011001111000110110010110001011100000001101100010011010010110010010010101001100101010110111110 1
1000010001000100000110010100110010000100000100100110011011000100110100100110111000000111011001000010 0
0111001010001001110111110011011100001100000101010001101100001011010110011001101001111001110011011010 1
0111111110111001100010000001011100011100111101011011111101000110100010010100001100011001100011001001 1
1001101100100101101111100110011101011111101111010101011100100010111000110000011001110000111110100000 1
1101101110101011110001111011010100110010100011000000111010011011000001010001101101110011010111011100 1
0010111010011101000011010000100011001000000000100000101111100101111011010010110110101010010001110011 1
1001001111100001111101110000001100100001011011100011100000000000011011110011100101000000101101000101 1
0110101011011011111000101111011010000011111010100100100111001100110011100010100111111100100001010011 1
0110100011100011011100101111110101010001111101000010000110001001100100000010100101001010010110000101 1
1011001101100101111000110001100001011100110101100001010110000011110000010110000000110001000101010010 1
0000111111110100101101000010011111100011000011001100100110011100000001101101001001010001000111111111 0
0000001010010000101111100001011001001100011011000101011111011101001001000000100110011001110000111011 1
0110110111001111100010111000111110101010100011101100010100110001011111101110000000000010101101000110 1
0001111101100000010111010010000001010100100100101100001010010110011010100110000110011110011000100011 1
0010100101111100010001110010001100100010101011100100111111101010000001010101011000011001111010010011 1
0100001011001110101010010101100110101100010100110111110001101110110001100110101110111110000111000010 1
1001111100010100110110101110100101010000010100110111100011001111000001100110100111101110010100000010 1
1001100000001100010010110100110111001001001110111110000010111100000110111010000001000001010110111110 1
0011001111111111010011001110100100010101110001101110010001010100101101110111101010001000101110000100 1
1111000100100100100101001000000110000111111101101111111000000110110101010111001100111011001110100110 1
0001110011111000100101010110000100001001110001011001010001011000100000111011110001100100001101111101 0
1101110011010110010010011111110001100001110101110111111110001001101000111001110000101010010111111011 0
0001001011011111001010011100111011101000001111011001000110101000100000000100001001101110101001011110 1
1100100111111000111000001101011111100111110010010110100110010101001010101001010001001110111100000111 1
0001000110100001110001001001011001101011011011000000100110010110000000111010110110111100101100100001 1
0101111011101010110101001000011001100001100001101111111011010111001101011000010101010100001101001110 1
0010010000111101001111010011111111110101110010011100001000011110000100011000000110101001101000100110 1
1100101001111110100001101011100000010110011001011001110011001001001000001101011111110111011111111011 1
0100101110111001110111000100111011000111000100110101111101101100000011010010100110001100110000010011 1
1111000100010000100010000010001000100110110010000011011000001101001010111110110111011011011100000111 1
1000110001110101110000110010101100111010101100111110111110101111111010001011000100111010100010101010 1
1100111101101010100011001110000110111001111101111010111000000011000101100010101100111010010010010011 1
1010000000110000100110010001010011001001010111101100101000101101001111010101010100100100110001101010 1
1101001001101101001111110110100100001111001110010100101111101011000111001011000011001000110010000011 1
1010011010001110110000000000010111010111100011000000100110010011111000100101011011100101000001110011 0
1111011100100000001001001101010101011101011000000101001111111101110000100100100110000011101001010011 1
1011101001001001010001001011100000100000100010110110100001111011001000010111101100110111000100100001 1
0101000101100010001010010100101010110110101100101110111101110111101100110000111000011101100110000110 1
1011110011011010111011101000110100011010110011000110100001000110111000111100001000010111001010101001 0
1110011010110100001000110010011110011101110101111111100001010101001111000110011101011010111111110001 1

100 100
0101111001111111010111000001011001100000111000101010111001100001111111101011100001101001111001110011 1
0101000100111101111101110010101000100110111100001110001001001001010001010101111100110010100100001001 1
0101111000101001111110100111111101111001010110001101111010101001111011010001001001111010000000101000 1
0110101001010100100110010010010111100000101100110001001000111100011001010010001001010110101011101001 1
1011111001001100101100111101110000111010000110000100110000110000011101101110111011000010101101101001 1
1101010000111111010101100011000111010110101000001011011010110001111100111001001101000011000100011101 1
1111101110101001111110001110010101111001111010101001101010011111000000110011000010100001001010100000 1
1001100000101101111101101101111010100100110000111110000111000001011010001010001110100011101101001100 1
0010110001111111110101101110110111110110001101010000110001110100011000000000101111100010101011010110 1
1111100111011111000010110011100010000011000110010011100100110111111100100111110111101101110100001111 0
0100001101100111111010111110000101101001111101100001011100010000111011010100010011000111110100011100 0
0101000110100101010010010101111101101100110001100000001000111011100010101101001100100000010111101100 1
1001111100101110110010101110111101010100011100111011001111100010111111110000001000100011100001011000 1
1100100100101110001001000110111101110110000101100110010011000010100101101011110101000011010011110100 1
0010111011001101001100111010010011010011101010110100111011000000111010100101110101110010110010011110 1
0001010001010011110110000111001101010110011111010000100101101010101110011101000110100110001000010111 1
1100111010111100000110100101000111100000011101110001011100000111011010001010111111110001011001100101 1
1101100010101011100010000001000110001100111000110111010010110110110001110010011000101100010001000101 1
1001011101111000010011001000110001000110101000011110010100010010110111001100101010011011110110111100 1
0010011100000001110001100011101100110100101101010010110110000100011001010110010101110010010010010010 1
1011101000010000100000110010110111001111011011001011000011101110011010111011111010011010000110101000 1
1100011100010100100101101101100000001001000000010101011101110100100000101001010100000100110100110111 1
0110001100100101110011010110000101101011001010011010001010001011101010110101100000000111111000111000 1
1100101101001000100110100010011001001010110101111100010001000101111010000110011100101001110000111000 1
0101001100000010111011010010011001010100000011000101101100001110011001000001001001011100100011000101 1
1111001010000111010000011000011100100011011011110110010110101111100011110101010010111101111000101100 1
1110100111010101110000111101101010111100001011101101110100010100011101111010110000000010110100101011 1
0000000100110111010111011001001001100110111000110101001111111010100110011111000011111010001101111011 1
1010100110000110000010001001111010001110110101011011001001110111111000001010011100000000101010100110 1
1010010101100010011011111010101000001001010011000101101000010111001101101100000001011111110001101000 0
1010110100110001111011100100100001011011100110101010100110110011100001110111101000010100111010110111 1
1010100110101000001011100000011100110111001110110010010010010100101110111000011101100101111101101111 0
0001101000011010100011011000011000110110101100111110101000001111100010010000010111001100100111010111 1
1011010011111101100111000101000001110110101011100011111110010010111000010101011010110101110110111111 1
1100110011010111100011011100011101111100001111001110011101101111001111101110010101010100100011111011 1
0101001111001110111101011011101111110001101010110000011110000111100111001111000000001110000010000011 1
1011101101101000100111111111111010100010100000101110001100111010010011010010100000000100111111110011 1
1011000000000111111010101001111000100001011100010111101101010110000001110100101100010100011100100011 1
0011011000001000001110011011100001100010110010000111110100010111011110100001011101000110110101010000 1
1001100011001010111111111011010000110110010001011000101001010010001100100100111010000000101100011101 1
1100001111010010001110100010000110010101101100110000010101101100100110001111000000010000110000110100 1
0000000000111011011111100001001011011010101000101010000001001110011001011110100010010111011100010110 1
1100001001101010000110000101000110110010111010110111111101101110101101110011001000011111101010100010 1
0111011100100011100111010010110001100010000011001000101110001001110001000111011011010001001000101101 1
0011100010110010101111010010001000010011010011101001100101100000000001000010000100010100000001111110 1
1010110111100001111110101000000101100110110110001111111011011110000101110100100110011110100011011001 1
1000000011011100001000110111101111110101000110010101110001100011100100000001001111010011001000110110 1
1100100111001100010000001010110001011100010000010010001100111010101010011011010010110000001100110111 1
1101011000101101101110110001110000111111101011111000000000101100101110000000111111111100110110100011 1
0100101010110101101000111011111101100101100111101000001100011110000010010001111110110000001010001000 1
0111000101100000101111101111111010111101111101011100010101001100011101011111010100100010110000001110 1
1100010111111111000101011001000100001000011111011011110111011011010110111000100011000011111110011000 1
1000001100010010010101101010110010001011011010011011101100110101001100001101010111111000111101000010 1
0101111011010100101000011111001011000110011001110010111001111010010011010100111110100000111001000101 1
1110111010111010001010000011000111000101001100100100100101110101000000000110111001010000011000100110 1
1000011101111010000010011101001111110000010111111111100110011100011111110111100000110001000110101010 1
0010101111111111101001100111010110100001110001101101011010110001010010011010010100101000100100000001 1
0001001100101110101100100101001001101011101011011101101010110000011100111010101010110111101101100000 1
1101101101001100011000111100101001011101001101101011001011011111010100111001001100010110011000100010 1
0111001000000110010100100100110100000100111000011001101110101101100000011110111001111101111001100100 1
0110111000001110101001111110110110101100110001100000011101110011001110101111101100101010111010111100 1
0101010011010101000100000111000010111010111000110100011000100101100001111011000101100000111101111111 1
0101011100110110111001000111010100000110001010001000100111000110111100101000011011000011111000001110 0
1011110000100100011111010011111010000000010000000101100101010000000001100101001011101111101101101011 1
0111101101010110001010000110001010101111000111110001000011010111010101001010000000110110101111010000 1
0011001001100000101100110011111110010100010111101001010011100000101101000011100100001110001111101011 0
1000101000001110010001110111101001001001001110110000110011101000110110010010001001101100010110101110 0
0000100111010001001100000001001001011010111111011101000000100001100011100001000100100101111100010101 1
1011001011010001010001000111101000001110011001100101101100011101000111100000001011100110111011011001 1
1111101110101100100000110010001111101000010001011001111100000101011111100001100010000110110110011111 1
0110101110010011010101001000111101011100110111011011111011100000101110111100110011110010000010100010 1
1110101001010111011101000011011101111101000111011101001110011101011101011000001110010101000100100000 1
0101101110010001011101100100111001101010000000101111000000011110000101101101100111010010111001001010 1
0010111110001101000101111100000011000011010100101111000010011010100001100100010101011010011110100100 1
0101101000010100001110000101110100111011111111010111111100101111100011000111011000001110100011110111 1
1110001011011011010011000100010001010111111000101000100111100001100101110010010111101111011111001001 0
1011001100011010101010100010011110010101100001001100100100101010110100011111011010000100110001010000 1
1100010110011110111011001100001111110101010101110011101011011100011110011101010111001001110101110101 1
0001010111001001111010001110101011110111010000111010011010000001101010101101110001101000010011001100 0
0001001001000010110011101110001001111010010011100101010111111010001110111110001001001000111100100011 1
1010011001001111111000001001001100101010010101110000000110010101111000000010100100100111010000110100 1
0011100000001101001001011010011011101001011101001100111010011110010111010100110001010111110011010111 1
1001100000011010100100001100000000110110100001110100100001001001011000100100010000101101011110101000 1
1010011011000010100010111111011110010111001100110110111000101100100111111000111111100110101111111100 0
1100001100010111010001011100101100100010001010110010110000101011001100100111100100001000010101001111 1
1100001101101101001101111001111001011000110010110000101101010101000000011010101110000110111101010010 1
1001100000100101100010110011111011110010000010100011000001111110001000000000000001001001000111110100 1
0101101100100110010011111010011101001110110101000000011100101010010111100101101100101011000011011000 1
0001010000101100110110010100000000111011000100111001010100100100101001001011010111010000001011111011 1
1111101011101000100111010100100011001100010000011000101100010011110010110110011101111111110110001000 1
1011111100111000101000101101000101000110101100100100101011011010010011101011011000110001101000001010 1
0100001111110110111100100011100111111010000011100010010110000011100011110111000111110001001010101110 1
0111001100000100000010101010111100001111011010010011011110101111110001001100101100101010110001010001 1
0101001010101110101001001101111111110011001001011111011000101010001001111111010101000001001100001101 0
0001111000010100110100000011110110011111101111000000000000011000001111101000100100110111110011111011 1
0100101110011100010010101100011000000111111001010011100010011011011001010111000001111101100000001110 1
1110100100111101110101001010111010000010001011101101001100000101111110100000110000110001101111000110 1
0010010100100010101110100111110110011001010001111000110111100111110110000000111001011100010111001110 1
0010110000001110010111000111000000111100100001000111001011111001011101111101001011101100001101000110 1
1000011011001010010001001001011111111010010111100100010111010001100001001010100111010011111111011010 0
